AA4509,1,161,160,159,158,157
LONDON-LHR,11,10,9,8,7,6,2,5,4,3
BAO99,16,15,14,13,12
AIRWAYS,23,22,21,20,19,18,17
BRITISH,30,29,28,27,26,25,24
CINCINNATI,40,39,38,37,36,35,34,33,32,31
EV5074,46,45,44,43,42,41
DELTA,51,50,49,48,47
YORK-LGA,59,58,57,56,55,54,53,52
NEW,62,61,60
AA4866,68,67,66,65,64,63
AMERICAN,76,75,74,73,72,71,70,69
FRANKFURT,85,84,83,82,81,80,79,78,77
T5191,90,89,88,87,86
TRANSAT,97,96,95,94,93,92,91
AIR,100,99,98
Origine,107,106,105,104,103,102,101
FROM,111,110,109,108
Arriving,119,118,117,116,115,114,113,112
Vol,122,121,120
Flight,128,127,126,125,124,123
Compagnie,137,136,135,134,133,132,131,130,129
Airline,144,143,142,141,140,139,138
CHICAGO-OHAR,156,155,0,154,153,152,151,150,149,148,147,146,145