outward,6,5,4,3,2,1,0
further,13,12,11,10,9,8,7
spreading,22,21,20,19,18,17,16,15,14
first,27,26,25,24,23
the,30,29,28
around,36,35,34,33,32,31
go,38,37
would,43,42,41,40,39
ring,47,46,45,44
next,51,50,49,48
the,54,53,52
then,58,57,56,55
So,60,59
one,63,62,61
new,64,65,66
a,67
starting,75,74,73,72,71,70,69,68
before,81,80,79,78,77,76
ring,85,84,83,82
entire,91,90,89,88,87,86
the,94,93,92
around,100,99,98,97,96,95
wrap,104,103,102,101
and,107,106,105
this,111,110,109,108
like,115,114,113,112
look,119,118,117,116
would,124,123,122,121,120
text,128,127,126,125
Normal,134,133,132,131,130,129
space,139,138,137,136,135
of,141,140
out,144,143,142
running,151,150,149,148,147,146,145
before,157,156,155,154,153,152
on,159,158
goes,163,162,161,160
text,167,166,165,164
the,170,169,168