PRODUCTION,3,2,1,229,0,228,227,226,225,224
ROBOT,8,7,6,5,4
BAD,11,10,9
A,12
PRESENT,18,17,172,16,15,14,13
PRODUCTIONS,29,28,27,26,25,24,23,22,21,20,19
SKYDANCE,37,36,35,34,33,32,31,30
AND,40,39,38
PICTURES,48,47,46,45,44,43,42,41
PARAMOUNT,57,56,55,54,53,52,51,50,49
CHERNOV,238,237,236,235,58,231,230
PRODUCERS,67,66,65,64,63,62,61,60,59
EXECUTIVE,76,75,74,73,72,71,70,69,68
BSC,79,78,77
ASC,82,81,80
MINDEL,88,87,86,85,84,83
DAN,91,90,89
PHOTOGRAPHY,102,101,100,99,98,97,96,95,94,93,92
OF,104,103
DIRECTOR,112,111,110,109,108,107,106,105
CHAMBLISS,121,120,119,118,117,116,115,114,113
SCOTT,126,125,124,123,122
DESIGNER,134,133,132,131,130,129,128,127
PRDOCUTION,144,143,142,141,140,139,138,137,136,135
ANIMATION,153,152,151,150,149,148,147,146,145
AND,156,155,154
EFF,159,158,157
VISUAL,165,164,163,162,161,160
YELCHIN,173,170,169,168,167,166
ANTON,171,177,176,175,174
WELLER,183,182,181,180,179,178
PETER,188,187,186,185,184
URBAN,193,192,191,190,189
KARL,197,196,195,194
SALDANA,204,203,202,201,200,199,198
ZOE,207,206,205
QUINTO,213,212,211,210,209,208
ZACHARY,220,219,218,217,216,215,214
JJ,221,222
A,223
JEFFREY,234,233,232,242,241,240,239