PREMIUM,6,5,4,3,2,1,0
PANDAN,12,11,10,9,8,7
COCO,16,15,14,13
RICE,36,18,37,17
COCO,28,19,20,21
PANDAN,22,23,24,25,26,27
PREMIUM,29,30,31,32,33,34,35
ALSA,41,40,39,38
THAI,45,44,43,42
SHEEP,50,49,48,47,46
SHEEP,55,54,53,52,51
ROYAL,60,59,58,57,56
auap,61,62,63,64
RICE,68,67,66,65
PREMIUM,69,75,74,73,72,71,70
PANDAN,81,80,79,78,76
COCO,85,84,83,82
RICE,89,88,87,86
PREMIUM,96,95,94,93,92,91,90
PANDAN,102,101,100,99,98,97
COCO,106,105,104,103
RICE,110,109,108,107
PREMIUM,117,116,115,114,113,112,111
PANDAN,123,122,121,120,119,118
COCO,127,126,125,124
RICE,131,130,129,128