ASH,113,114,0
MIDNIGHT,236,237,238,239,1,2,3,4
SARAH,5,6,7,8,9
J,10
MAAS,11,12,13,14
HEIR,15,16,17,18
OF,19,20
FIRE,21,22,23,24
SARAH,25,26,27,28,29
J,30
MAAS,31,32,33,34
QUEEN,35,36,37,38,39
OF,40,41
SHADOWS,42,43,44,45,46,47,48
SARAH,49,50,51,52,53
J,54
MAAS,55,56,57,58
EMPIRE,59,60,61,62,63,64
OF,65,66
STORMS,67,68,69,70,71,72
SARAH,81,82,83,84,73
J,74
MAAS,75,76,77,78
TOWER,79,80,85,86,87
OF,88,89
DAWN,90,91,92,93
SARAH,94,95,96,97,98
J,99
MAAS,100,101,102,103
KINGDOM,104,105,106,107,108,109,110
OF,111,112
THE,115,116,117
COMPLETE,118,119,120,121,122,123,124,125
COLLECTION,126,127,128,129,130,131,132,133,134,135
SARAH,145,146,147,136,137
J,138
MAAS,139,140,141,142
THRONE,143,144,148,149,150,151
OF,152,153
GLASS,154,155,156,157,158
BLOOMSBURY,159,160,161,162,163,164,165,166,167,168
SARAH,169,170,171,172,173
J,174
MAAS,175,176,177,178
THE,179,180,181
ASSASSINS,182,183,184,185,186,187,188,189,190
BLADE,191,192,193,194,195
SARAH,198,196,197,199,200
J,201
MAAS,202,203,204,205
THRONE,206,207,208,209,210,211
OF,212,213
GLASS,214,215,216,217,218
SARAH,219,220,221,222,223
J,224
MAAS,225,226,227,228
CROWN,229,230,231,232,233
OF,234,235