0 0.700291 0.468669 0.715430 0.468669 0.715430 0.523165 0.700291 0.523165
0 0.800215 0.389784 0.820405 0.389784 0.820405 0.434245 0.800215 0.434245
0 0.835544 0.381187 0.851696 0.381187 0.851696 0.429946 0.835544 0.429946
0 0.856747 0.389784 0.884000 0.389784 0.884000 0.434245 0.856747 0.434245
0 0.901165 0.379748 0.921392 0.379748 0.921392 0.435683 0.901165 0.435683
0 0.924380 0.372572 0.949608 0.372572 0.949608 0.437122 0.924380 0.437122
0 0.952633 0.392662 0.978886 0.392662 0.978886 0.435683 0.952633 0.435683
0 0.677076 0.483004 0.700291 0.483004 0.700291 0.526043 0.677076 0.526043
0 0.715430 0.481583 0.739658 0.481583 0.739658 0.538939 0.715430 0.538939
0 0.740671 0.461493 0.763886 0.461493 0.763886 0.521727 0.740671 0.521727
0 0.767924 0.471529 0.789114 0.471529 0.789114 0.523165 0.767924 0.523165
0 0.799215 0.480144 0.825456 0.480144 0.825456 0.527464 0.799215 0.527464
0 0.826468 0.462932 0.848671 0.462932 0.848671 0.524604 0.826468 0.524604
0 0.864823 0.460054 0.892076 0.460054 0.892076 0.524604 0.864823 0.524604
0 0.917304 0.464371 0.933456 0.464371 0.933456 0.523165 0.917304 0.523165
0 0.512544 0.632158 0.544848 0.632158 0.544848 0.696709 0.512544 0.696709
0 0.565038 0.626421 0.593291 0.626421 0.593291 0.713921 0.565038 0.713921
0 0.014620 0.029317 0.060848 0.029317 0.060848 0.102446 0.014620 0.102446
0 0.063468 0.051637 0.084405 0.051637 0.084405 0.099982 0.063468 0.099982
0 0.086152 0.034281 0.105342 0.034281 0.105342 0.101223 0.086152 0.101223
0 0.105342 0.054119 0.133266 0.054119 0.133266 0.102446 0.105342 0.102446
0 0.134139 0.052878 0.162051 0.052878 0.162051 0.103687 0.134139 0.103687
0 0.162924 0.040468 0.183861 0.040468 0.183861 0.103687 0.162924 0.103687
0 0.184734 0.054119 0.218759 0.054119 0.218759 0.102446 0.184734 0.102446
0 0.219633 0.040468 0.238823 0.040468 0.238823 0.102446 0.219633 0.102446
0 0.239696 0.035522 0.257139 0.035522 0.257139 0.103687 0.239696 0.103687
0 0.257139 0.050396 0.291165 0.050396 0.291165 0.101223 0.257139 0.101223
0 0.290291 0.050396 0.321696 0.050396 0.321696 0.101223 0.290291 0.101223
0 0.342203 0.035270 0.377962 0.035270 0.377962 0.102212 0.342203 0.102212
0 0.378835 0.053867 0.405886 0.053867 0.405886 0.102212 0.378835 0.102212
0 0.406759 0.051385 0.429443 0.051385 0.429443 0.102212 0.406759 0.102212
0 0.453861 0.034029 0.487013 0.034029 0.487013 0.102212 0.453861 0.102212
0 0.486139 0.056349 0.514063 0.056349 0.514063 0.102212 0.486139 0.102212
0 0.514937 0.055108 0.542848 0.055108 0.542848 0.102212 0.514937 0.102212
0 0.544595 0.052626 0.573380 0.052626 0.573380 0.103453 0.544595 0.103453
0 0.594203 0.054047 0.620443 0.054047 0.620443 0.104245 0.594203 0.104245
0 0.620443 0.054047 0.647696 0.054047 0.647696 0.104245 0.620443 0.104245
0 0.647696 0.052608 0.676975 0.052608 0.676975 0.104245 0.647696 0.104245
0 0.676975 0.052608 0.706241 0.052608 0.706241 0.102806 0.676975 0.102806
0 0.707253 0.052608 0.727443 0.052608 0.727443 0.101367 0.707253 0.101367
0 0.729468 0.052608 0.751671 0.052608 0.751671 0.099928 0.729468 0.099928
0 0.751671 0.052608 0.781949 0.052608 0.781949 0.101367 0.751671 0.101367
0 0.780937 0.033957 0.814253 0.033957 0.814253 0.102806 0.780937 0.102806
0 0.404544 0.250665 0.436835 0.250665 0.436835 0.318076 0.404544 0.318076
0 0.462076 0.252104 0.491354 0.252104 0.491354 0.323813 0.462076 0.323813
0 0.678089 0.371133 0.706342 0.371133 0.706342 0.437122 0.678089 0.437122
0 0.723506 0.369784 0.750759 0.369784 0.750759 0.445719 0.723506 0.445719
0 0.781038 0.371133 0.797215 0.371133 0.797215 0.434245 0.781038 0.434245
