0 0.621957 0.796431 0.647720 0.796431 0.647720 0.888125 0.621957 0.888125
0 0.363976 0.902228 0.385942 0.902228 0.385942 0.985072 0.363976 0.985072
0 0.732885 0.640377 0.761988 0.625755 0.764009 0.639894 0.734905 0.654516
0 0.831444 0.548931 0.866415 0.548931 0.866415 0.649556 0.831444 0.649556
0 0.796126 0.563868 0.831444 0.563868 0.831444 0.666440 0.796126 0.666440
0 0.763580 0.588533 0.796821 0.588533 0.796821 0.681368 0.763580 0.681368
0 0.699271 0.609447 0.734841 0.609447 0.734841 0.711486 0.699271 0.711486
0 0.669585 0.627998 0.698865 0.627998 0.698865 0.721603 0.669585 0.721603
0 0.640353 0.640652 0.667787 0.640652 0.667787 0.734248 0.640353 0.734248
0 0.610266 0.652455 0.641749 0.652455 0.641749 0.749429 0.610266 0.749429
0 0.583237 0.669321 0.609319 0.669321 0.609319 0.760389 0.583237 0.760389
0 0.554498 0.688714 0.581435 0.688714 0.581435 0.773886 0.554498 0.773886
0 0.452208 0.731214 0.475396 0.731214 0.475396 0.812536 0.452208 0.812536
0 0.427729 0.743288 0.451778 0.743288 0.451778 0.823813 0.427729 0.823813
0 0.404966 0.754565 0.427729 0.754565 0.427729 0.840725 0.404966 0.840725
0 0.382638 0.766639 0.404111 0.766639 0.404111 0.849583 0.382638 0.849583
0 0.358589 0.777917 0.380918 0.777917 0.380918 0.859239 0.358589 0.859239
0 0.255874 0.826431 0.275406 0.826431 0.275406 0.905480 0.255874 0.905480
0 0.235415 0.835734 0.254947 0.835734 0.254947 0.913034 0.235415 0.913034
0 0.218676 0.846775 0.235106 0.846775 0.235106 0.922917 0.218676 0.922917
0 0.198213 0.854330 0.217744 0.854330 0.217744 0.931060 0.198213 0.931060
0 0.178686 0.864212 0.197285 0.864212 0.197285 0.939774 0.178686 0.939774
0 0.163184 0.872346 0.178995 0.872346 0.178995 0.946748 0.163184 0.946748
0 0.143343 0.881069 0.161633 0.881069 0.161633 0.955471 0.143343 0.955471
0 0.109488 0.897781 0.127348 0.897781 0.127348 0.971676 0.109488 0.971676
0 0.094179 0.906286 0.109203 0.906286 0.109203 0.979112 0.094179 0.979112
0 0.078585 0.913197 0.093043 0.913197 0.093043 0.985489 0.078585 0.985489
0 0.062140 0.919574 0.077734 0.919574 0.077734 0.989746 0.062140 0.989746
0 0.047116 0.929149 0.062710 0.929149 0.062710 0.999846 0.047116 0.999846
0 0.030106 0.937654 0.046551 0.937654 0.046551 1.000000 0.030106 1.000000
0 0.015077 0.945625 0.030106 0.945625 0.030106 1.000000 0.015077 1.000000
0 0.823329 0.394303 0.854681 0.394303 0.854681 0.496304 0.823329 0.496304
0 0.785986 0.412455 0.816874 0.412455 0.816874 0.509275 0.785986 0.509275
0 0.755097 0.432337 0.785527 0.432337 0.785527 0.531748 0.755097 0.531748
0 0.721203 0.447980 0.755261 0.447980 0.755261 0.548116 0.721203 0.548116
0 0.689855 0.463949 0.722367 0.463949 0.722367 0.563351 0.689855 0.563351
0 0.663155 0.483542 0.689082 0.483542 0.689082 0.576413 0.663155 0.576413
0 0.632986 0.500462 0.659304 0.500462 0.659304 0.592509 0.632986 0.592509
0 0.601604 0.513741 0.632986 0.513741 0.632986 0.608641 0.601604 0.608641
0 0.574783 0.530824 0.601604 0.530824 0.601604 0.623822 0.574783 0.623822
0 0.546440 0.546957 0.573768 0.546957 0.573768 0.637111 0.546440 0.637111
0 0.470063 0.589239 0.495198 0.589239 0.495198 0.669194 0.470063 0.669194
0 0.446058 0.601413 0.470063 0.601413 0.470063 0.680842 0.446058 0.680842
0 0.422053 0.615716 0.446058 0.615716 0.446058 0.700960 0.422053 0.700960
0 0.398333 0.627889 0.421773 0.627889 0.421773 0.712609 0.398333 0.712609
0 0.376304 0.641658 0.398894 0.641658 0.398894 0.722672 0.376304 0.722672
0 0.354560 0.652781 0.376019 0.652781 0.376019 0.736440 0.354560 0.736440
0 0.074913 0.811024 0.092556 0.811024 0.092556 0.880136 0.074913 0.880136
0 0.060014 0.816902 0.074541 0.816902 0.074541 0.886748 0.060014 0.886748
0 0.044329 0.830879 0.060406 0.830879 0.060406 0.897038 0.044329 0.897038
0 0.029135 0.834312 0.043155 0.834312 0.043155 0.903659 0.029135 0.903659
0 0.013623 0.842699 0.027343 0.842699 0.027343 0.911495 0.013623 0.911495
0 0.877039 0.202736 0.914947 0.202736 0.914947 0.307989 0.877039 0.307989
0 0.842411 0.225969 0.877039 0.225969 0.877039 0.325761 0.842411 0.325761
0 0.808145 0.257409 0.842043 0.257409 0.842043 0.346947 0.808145 0.346947
0 0.777159 0.297736 0.806686 0.297736 0.806686 0.323705 0.777159 0.323705
0 0.741440 0.285435 0.774609 0.285435 0.774609 0.385906 0.741440 0.385906
0 0.709783 0.309022 0.742208 0.309022 0.742208 0.404402 0.709783 0.404402
0 0.681242 0.327953 0.708986 0.327953 0.708986 0.421513 0.681242 0.421513
0 0.649203 0.341422 0.680077 0.341422 0.680077 0.433895 0.649203 0.433895
0 0.593667 0.378116 0.626010 0.378116 0.626010 0.472092 0.593667 0.472092
0 0.566807 0.397980 0.593478 0.397980 0.593478 0.488759 0.566807 0.488759
0 0.539386 0.411812 0.568889 0.411812 0.568889 0.504366 0.539386 0.504366
0 0.463657 0.460788 0.488092 0.460788 0.488092 0.548188 0.463657 0.548188
0 0.440043 0.477346 0.463657 0.477346 0.463657 0.560118 0.440043 0.560118
0 0.416430 0.491205 0.440043 0.491205 0.440043 0.575136 0.416430 0.575136
0 0.394034 0.504891 0.416357 0.504891 0.416357 0.581187 0.394034 0.581187
0 0.371990 0.520788 0.392899 0.520788 0.392899 0.602382 0.371990 0.602382
0 0.348256 0.535091 0.371710 0.535091 0.371710 0.615091 0.348256 0.615091
0 0.121333 0.672165 0.141435 0.672165 0.141435 0.747536 0.121333 0.747536
0 0.104734 0.685272 0.121773 0.685272 0.121773 0.758188 0.104734 0.758188
0 0.089879 0.695109 0.105169 0.695109 0.105169 0.766377 0.089879 0.766377
0 0.075024 0.704937 0.090314 0.704937 0.090314 0.774565 0.075024 0.774565
0 0.058420 0.714764 0.073710 0.714764 0.073710 0.784402 0.058420 0.784402
0 0.043130 0.722138 0.057111 0.722138 0.057111 0.794230 0.043130 0.794230
0 0.027401 0.732790 0.044440 0.732790 0.044440 0.800788 0.027401 0.800788
0 0.012546 0.742618 0.027401 0.742618 0.027401 0.809792 0.012546 0.809792
0 0.764710 0.118659 0.796536 0.118659 0.796536 0.214801 0.764710 0.214801
0 0.733329 0.146839 0.764710 0.146839 0.764710 0.243813 0.733329 0.243813
0 0.701942 0.161757 0.734652 0.161757 0.734652 0.262871 0.701942 0.262871
0 0.671884 0.186621 0.695754 0.186621 0.695754 0.283596 0.671884 0.283596
0 0.643150 0.207346 0.671884 0.207346 0.671884 0.300996 0.643150 0.300996
0 0.613092 0.223922 0.642705 0.223922 0.642705 0.322545 0.613092 0.322545
0 0.586570 0.247953 0.613536 0.247953 0.613536 0.339955 0.586570 0.339955
0 0.557836 0.267844 0.586126 0.267844 0.586126 0.358188 0.557836 0.358188
0 0.531758 0.283596 0.553860 0.283596 0.553860 0.375598 0.531758 0.375598
0 0.438792 0.357618 0.448536 0.357618 0.448536 0.434348 0.438792 0.434348
0 0.410290 0.369493 0.433676 0.369493 0.433676 0.444855 0.410290 0.444855
0 0.392995 0.388216 0.402739 0.388216 0.402739 0.464502 0.392995 0.464502
0 0.366686 0.399185 0.387145 0.399185 0.387145 0.483225 0.366686 0.483225
0 0.343787 0.411975 0.366440 0.411975 0.366440 0.491902 0.343787 0.491902
0 0.170652 0.532083 0.188329 0.532083 0.188329 0.604185 0.170652 0.604185
0 0.152971 0.546042 0.170966 0.546042 0.170966 0.618723 0.152971 0.618723
0 0.138396 0.557092 0.152971 0.557092 0.152971 0.632101 0.138396 0.632101
0 0.119483 0.568134 0.137469 0.568134 0.137469 0.641984 0.119483 0.641984
0 0.104285 0.582092 0.119483 0.582092 0.119483 0.650707 0.104285 0.650707
0 0.086918 0.593723 0.103353 0.593723 0.103353 0.662917 0.086918 0.662917
0 0.070792 0.601286 0.085676 0.601286 0.085676 0.671060 0.070792 0.671060
0 0.041952 0.625118 0.056527 0.625118 0.056527 0.692572 0.041952 0.692572
0 0.027377 0.633841 0.040710 0.633841 0.040710 0.700716 0.027377 0.700716
0 0.010942 0.644891 0.025826 0.644891 0.025826 0.711757 0.010942 0.711757
0 0.599300 0.099466 0.612599 0.099466 0.612599 0.137101 0.599300 0.137101
0 0.584498 0.111232 0.599048 0.111232 0.599048 0.150272 0.584498 0.150272
0 0.576971 0.109348 0.584498 0.109348 0.584498 0.155453 0.576971 0.155453
0 0.563676 0.125815 0.576971 0.125815 0.576971 0.174737 0.563676 0.174737
0 0.555396 0.125344 0.562923 0.125344 0.562923 0.170498 0.555396 0.170498
0 0.546614 0.140870 0.554643 0.140870 0.554643 0.178496 0.546614 0.178496
0 0.528300 0.142745 0.544860 0.142745 0.544860 0.188379 0.528300 0.188379
0 0.664744 0.000000 0.688217 0.000000 0.688217 0.027192 0.664744 0.027192
0 0.648541 0.000000 0.663092 0.000000 0.663092 0.036630 0.648541 0.036630
0 0.637643 0.007808 0.646585 0.007808 0.646585 0.048152 0.637643 0.048152
0 0.626464 0.005716 0.635126 0.005716 0.635126 0.056014 0.626464 0.056014
0 0.605787 0.031911 0.619758 0.031911 0.619758 0.081159 0.605787 0.081159
0 0.589580 0.045534 0.605507 0.045534 0.605507 0.083777 0.589580 0.083777
0 0.582594 0.043958 0.589580 0.043958 0.589580 0.089547 0.582594 0.089547
0 0.569179 0.060199 0.581473 0.060199 0.581473 0.096875 0.569179 0.096875
0 0.562473 0.059683 0.568899 0.059683 0.568899 0.106830 0.562473 0.106830
0 0.551855 0.075399 0.561077 0.075399 0.561077 0.113641 0.551855 0.113641
0 0.542633 0.083261 0.551295 0.083261 0.551295 0.121504 0.542633 0.121504
0 0.526705 0.087446 0.542633 0.087446 0.542633 0.134601 0.526705 0.134601
0 0.365155 0.270960 0.370884 0.270960 0.370884 0.311766 0.365155 0.311766
0 0.353986 0.285453 0.364870 0.285453 0.364870 0.318216 0.353986 0.318216
0 0.340237 0.282772 0.353430 0.282772 0.353430 0.326268 0.340237 0.326268
0 0.384420 0.202989 0.392845 0.202989 0.392845 0.243134 0.384420 0.243134
0 0.372488 0.212201 0.384058 0.212201 0.384058 0.252672 0.372488 0.252672
0 0.361430 0.226024 0.372309 0.226024 0.372309 0.269130 0.361430 0.269130
0 0.355464 0.224701 0.361256 0.224701 0.361256 0.266168 0.355464 0.266168
0 0.350019 0.229973 0.355285 0.229973 0.355285 0.269792 0.350019 0.269792
0 0.338787 0.233261 0.349319 0.233261 0.349319 0.279004 0.338787 0.279004
0 0.082338 0.487971 0.090386 0.487971 0.090386 0.518696 0.082338 0.518696
0 0.077739 0.485009 0.082338 0.485009 0.082338 0.522464 0.077739 0.522464
0 0.070261 0.497138 0.078169 0.497138 0.078169 0.528125 0.070261 0.528125
0 0.061783 0.502527 0.069831 0.502527 0.069831 0.541603 0.061783 0.541603
0 0.053734 0.509801 0.061638 0.509801 0.061638 0.540525 0.053734 0.540525
0 0.045541 0.515462 0.053300 0.515462 0.053300 0.554266 0.045541 0.554266
0 0.033179 0.521929 0.045251 0.521929 0.045251 0.555344 0.033179 0.555344
0 0.025850 0.531087 0.033179 0.531087 0.033179 0.561005 0.025850 0.561005
0 0.016217 0.529475 0.025415 0.529475 0.025415 0.566395 0.016217 0.566395
0 0.051256 0.467382 0.059130 0.467382 0.059130 0.497464 0.051256 0.497464
0 0.043068 0.473958 0.050754 0.473958 0.050754 0.504357 0.043068 0.504357
0 0.039053 0.471458 0.042729 0.471458 0.042729 0.508125 0.039053 0.508125
0 0.035377 0.476159 0.038720 0.476159 0.038720 0.510317 0.035377 0.510317
0 0.029696 0.485553 0.035043 0.485553 0.035043 0.514393 0.029696 0.514393
0 0.025850 0.481793 0.029362 0.481793 0.029362 0.517527 0.025850 0.517527
0 0.015821 0.488379 0.025507 0.488379 0.025507 0.524728 0.015821 0.524728
0 0.956000 0.658062 0.997043 0.658062 0.997043 0.768587 0.956000 0.768587
0 0.917575 0.672799 0.956870 0.672799 0.956870 0.780870 0.917575 0.780870
0 0.878710 0.687536 0.917575 0.687536 0.917575 0.794792 0.878710 0.794792
0 0.852947 0.703913 0.869541 0.703913 0.869541 0.734203 0.852947 0.734203
0 0.809280 0.719466 0.842469 0.719466 0.842469 0.819348 0.809280 0.819348
0 0.774068 0.778118 0.809280 0.760427 0.811314 0.774663 0.776102 0.792353
0 0.740290 0.745661 0.773039 0.745661 0.773039 0.842274 0.740290 0.842274
0 0.710599 0.759583 0.740290 0.759583 0.740290 0.855371 0.710599 0.855371
0 0.678720 0.772681 0.708415 0.772681 0.708415 0.867654 0.678720 0.867654
0 0.649029 0.785779 0.676976 0.785779 0.676976 0.877482 0.649029 0.877482
0 0.589643 0.808705 0.617155 0.808705 0.617155 0.900408 0.589643 0.900408
0 0.562135 0.820987 0.588768 0.820987 0.588768 0.910226 0.562135 0.910226
0 0.482676 0.852717 0.507256 0.852717 0.507256 0.935562 0.482676 0.935562
0 0.458101 0.862029 0.481894 0.862029 0.481894 0.949293 0.458101 0.949293
0 0.433000 0.872817 0.457319 0.872817 0.457319 0.958116 0.433000 0.958116
0 0.409208 0.882618 0.433266 0.882618 0.433266 0.963995 0.409208 0.963995
0 0.386725 0.893895 0.409208 0.893895 0.409208 0.975761 0.386725 0.975761
