0 0.204846 0.420414 0.216762 0.440613 0.198055 0.469775 0.186139 0.449576
0 0.712329 0.856747 0.719694 0.870137 0.704230 0.892613 0.696866 0.879223
0 0.697991 0.846054 0.705799 0.859523 0.689546 0.884420 0.681738 0.870951
0 0.687831 0.833497 0.695067 0.850109 0.673700 0.874703 0.666464 0.858090
0 0.673193 0.823194 0.679374 0.840597 0.657711 0.860929 0.651530 0.843526
0 0.652673 0.811286 0.660006 0.827049 0.641555 0.849733 0.634221 0.833970
0 0.621090 0.788159 0.630969 0.802119 0.614683 0.832576 0.604803 0.818615
0 0.611868 0.778932 0.619841 0.792076 0.600100 0.823722 0.592126 0.810579
0 0.564517 0.742295 0.576162 0.765506 0.556416 0.791686 0.544770 0.768475
0 0.509446 0.671841 0.519817 0.684825 0.500321 0.725979 0.489950 0.712995
0 0.483960 0.648790 0.503790 0.676322 0.482148 0.717514 0.462318 0.689981
0 0.461781 0.622580 0.474031 0.640198 0.448743 0.686661 0.436494 0.669044
0 0.435483 0.614727 0.453150 0.637165 0.436645 0.671505 0.418978 0.649067
0 0.416964 0.600304 0.432360 0.622369 0.417205 0.650312 0.401809 0.628247
0 0.400548 0.564910 0.419052 0.589705 0.395472 0.636204 0.376969 0.611409
0 0.389211 0.551212 0.396200 0.561994 0.368676 0.609143 0.361686 0.598361
0 0.358700 0.524701 0.379589 0.556145 0.355571 0.598309 0.334682 0.566864
0 0.236612 0.473312 0.255204 0.502599 0.237877 0.531665 0.219286 0.502377
0 0.226316 0.448289 0.238552 0.467296 0.219296 0.500052 0.207060 0.481045
