0 0.181843 0.202541 0.188245 0.194019 0.202996 0.222913 0.196594 0.231436
0 0.258388 0.369117 0.272424 0.352771 0.287416 0.386337 0.273380 0.402683
0 0.116537 0.191467 0.128490 0.180052 0.138691 0.207905 0.126738 0.219320
0 0.129955 0.183211 0.142533 0.173654 0.150997 0.202698 0.138419 0.212255
0 0.144507 0.177027 0.156030 0.167872 0.164688 0.196285 0.153166 0.205440
0 0.157614 0.171462 0.169694 0.162696 0.177453 0.190573 0.165373 0.199339
0 0.169167 0.167050 0.183133 0.157524 0.190498 0.185678 0.176532 0.195204
0 0.164813 0.264176 0.193394 0.234775 0.221058 0.304894 0.192478 0.334294
0 0.307286 0.324805 0.320758 0.311053 0.336803 0.352035 0.323331 0.365787
0 0.240280 0.373547 0.252494 0.357972 0.271261 0.396345 0.259048 0.411920
0 0.273300 0.357094 0.282586 0.346359 0.298014 0.381153 0.288727 0.391888
0 0.285515 0.351027 0.292509 0.342821 0.305786 0.372328 0.298791 0.380534
0 0.141297 0.222893 0.150723 0.210256 0.167711 0.243297 0.158285 0.255934
0 0.153471 0.212954 0.159116 0.205883 0.173379 0.235574 0.167734 0.242645
0 0.163557 0.212435 0.173143 0.200643 0.187448 0.230964 0.177862 0.242756
0 0.197702 0.244369 0.224951 0.217617 0.250300 0.284938 0.223052 0.311690
0 0.177244 0.205248 0.180582 0.201627 0.191737 0.228431 0.188399 0.232053
