0 0.406133 0.441639 0.416190 0.441639 0.416190 0.466732 0.406133 0.466732
0 0.417610 0.441660 0.427667 0.441660 0.427667 0.467866 0.417610 0.467866
0 0.653507 0.477878 0.658583 0.478681 0.657503 0.506266 0.652427 0.505463
0 0.658654 0.477590 0.662008 0.477979 0.661259 0.504090 0.657905 0.503701
0 0.620497 0.485722 0.623949 0.485722 0.623949 0.499856 0.620497 0.499856
0 0.616528 0.486443 0.620405 0.486443 0.620405 0.503124 0.616528 0.503124
0 0.612559 0.486990 0.616349 0.486990 0.616349 0.503124 0.612559 0.503124
0 0.606810 0.486948 0.612410 0.486948 0.612410 0.503299 0.606810 0.503299
0 0.602374 0.487845 0.606821 0.487845 0.606821 0.503454 0.602374 0.503454
0 0.409108 0.398938 0.422564 0.398938 0.422564 0.430845 0.409108 0.430845
0 0.662527 0.477860 0.666966 0.478343 0.666258 0.504645 0.661818 0.504162
0 0.666836 0.476965 0.671510 0.477277 0.671072 0.503839 0.666398 0.503528
0 0.598046 0.487835 0.602359 0.487835 0.602359 0.505031 0.598046 0.505031
0 0.387256 0.397763 0.399523 0.397763 0.399523 0.430227 0.387256 0.430227
0 0.402590 0.397351 0.406682 0.397351 0.406682 0.430639 0.402590 0.430639
0 0.624103 0.485536 0.628795 0.485536 0.628795 0.499856 0.624103 0.499856
0 0.424831 0.400082 0.436169 0.400082 0.436169 0.432546 0.424831 0.432546
0 0.395364 0.440526 0.405846 0.440526 0.405846 0.466443 0.395364 0.466443
