0 0.251879 0.082277 0.332818 0.082277 0.332818 0.291473 0.251879 0.291473
0 0.815637 0.082277 1.000000 0.082277 1.000000 0.393784 0.815637 0.393784
0 0.499936 0.381293 0.592524 0.438776 0.545573 0.526224 0.452986 0.468741
0 0.075796 0.080736 0.243312 0.080736 0.243312 0.263990 0.075796 0.263990
0 0.408089 0.077688 0.585589 0.077688 0.585589 0.401421 0.408089 0.401421
0 0.589857 0.076164 0.809952 0.076164 0.809952 0.402945 0.589857 0.402945
0 0.590033 0.445274 0.609959 0.457646 0.590079 0.494674 0.570152 0.482303
0 0.636095 0.411458 0.652050 0.421364 0.611947 0.496059 0.595991 0.486153
0 0.636297 0.446348 0.656155 0.458677 0.636219 0.495809 0.616361 0.483481
0 0.663771 0.444926 0.686373 0.458958 0.664812 0.499116 0.642210 0.485083
0 0.685969 0.438909 0.740494 0.454620 0.728633 0.502221 0.674108 0.486510
0 0.742763 0.446089 0.775617 0.455556 0.765931 0.494424 0.733078 0.484958
0 0.476513 0.551182 0.505621 0.551182 0.505621 0.594007 0.476513 0.594007
0 0.505318 0.551507 0.532643 0.551507 0.532643 0.594349 0.505318 0.594349
0 0.533822 0.550548 0.560541 0.550548 0.560541 0.594281 0.533822 0.594281
0 0.560255 0.550548 0.588455 0.550548 0.588455 0.593664 0.560255 0.593664
0 0.588455 0.550223 0.610143 0.550223 0.610143 0.594281 0.588455 0.594281
0 0.609952 0.550462 0.634427 0.550462 0.634427 0.595034 0.609952 0.595034
0 0.634427 0.549384 0.658758 0.549384 0.658758 0.595582 0.634427 0.595582
0 0.666401 0.549384 0.695541 0.549384 0.695541 0.595582 0.666401 0.595582
0 0.695955 0.549315 0.717882 0.549315 0.717882 0.595736 0.695955 0.595736
0 0.718105 0.549555 0.746895 0.549555 0.746895 0.595736 0.718105 0.595736
0 0.747357 0.549315 0.767691 0.549315 0.767691 0.595993 0.747357 0.595993
0 0.478631 0.684075 0.491672 0.684075 0.491672 0.708288 0.478631 0.708288
0 0.492118 0.684247 0.506911 0.684247 0.506911 0.708219 0.492118 0.708219
0 0.509618 0.684247 0.524108 0.684247 0.524108 0.709075 0.509618 0.709075
0 0.524268 0.684075 0.536369 0.684075 0.536369 0.709075 0.524268 0.709075
0 0.536529 0.683904 0.542261 0.683904 0.542261 0.709075 0.536529 0.709075
0 0.542739 0.683733 0.558344 0.683733 0.558344 0.709075 0.542739 0.709075
0 0.558662 0.684075 0.571720 0.684075 0.571720 0.709075 0.558662 0.709075
0 0.571720 0.684247 0.583822 0.684247 0.583822 0.708853 0.571720 0.708853
0 0.584076 0.683921 0.599427 0.683921 0.599427 0.708904 0.584076 0.708904
0 0.599666 0.683425 0.612500 0.683425 0.612500 0.709075 0.599666 0.709075
0 0.074236 0.658288 0.113869 0.658288 0.113869 0.738202 0.074236 0.738202
0 0.126899 0.649808 0.140603 0.653757 0.122193 0.727640 0.108489 0.723692
0 0.140962 0.652172 0.154143 0.655970 0.137271 0.723684 0.124089 0.719886
0 0.154502 0.665574 0.178820 0.672580 0.160896 0.744512 0.136579 0.737505
0 0.183922 0.657519 0.208639 0.664641 0.190967 0.735563 0.166250 0.728442
0 0.215244 0.642459 0.246298 0.651407 0.234231 0.699836 0.203177 0.690888
0 0.251654 0.630189 0.273095 0.636367 0.261626 0.682397 0.240185 0.676219
0 0.277293 0.623224 0.303964 0.630909 0.291942 0.679156 0.265272 0.671471
0 0.673217 0.684229 0.685000 0.684229 0.685000 0.708202 0.673217 0.708202
0 0.685159 0.684229 0.699172 0.684229 0.699172 0.708545 0.685159 0.708545
0 0.699172 0.684058 0.712866 0.684058 0.712866 0.708887 0.699172 0.708887
0 0.716210 0.684401 0.731497 0.684401 0.731497 0.708716 0.716210 0.708716
0 0.731975 0.684229 0.745669 0.684229 0.745669 0.708545 0.731975 0.708545
0 0.745987 0.684058 0.761433 0.684058 0.761433 0.708716 0.745987 0.708716
0 0.761752 0.683887 0.774650 0.683887 0.774650 0.708887 0.761752 0.708887
0 0.775127 0.684058 0.786433 0.684058 0.786433 0.709229 0.775127 0.709229
0 0.786752 0.684401 0.798854 0.684401 0.798854 0.708545 0.786752 0.708545
0 0.799172 0.684572 0.810159 0.684572 0.810159 0.708716 0.799172 0.708716
0 0.820971 0.684572 0.833232 0.684572 0.833232 0.708048 0.820971 0.708048
0 0.834029 0.684401 0.848201 0.684401 0.848201 0.708219 0.834029 0.708219
0 0.848678 0.684743 0.859347 0.684743 0.859347 0.708562 0.848678 0.708562
0 0.859506 0.684743 0.867468 0.684743 0.867468 0.708390 0.859506 0.708390
0 0.868264 0.685257 0.877978 0.685257 0.877978 0.708202 0.868264 0.708202
0 0.878774 0.684743 0.894538 0.684743 0.894538 0.708716 0.878774 0.708716
0 0.895334 0.685428 0.909506 0.685428 0.909506 0.709572 0.895334 0.709572
0 0.910143 0.684743 0.924475 0.684743 0.924475 0.709058 0.910143 0.709058
0 0.924952 0.684572 0.932755 0.684572 0.932755 0.709401 0.924952 0.709401
0 0.933392 0.684743 0.948201 0.684743 0.948201 0.709743 0.933392 0.709743
