0 0.095853 0.255114 0.127099 0.255114 0.127099 0.582841 0.095853 0.582841
0 0.128038 0.255114 0.146980 0.255114 0.146980 0.582841 0.128038 0.582841
0 0.147918 0.318182 0.169693 0.318182 0.169693 0.582841 0.147918 0.582841
0 0.180102 0.242500 0.199983 0.242500 0.199983 0.576591 0.180102 0.576591
0 0.200939 0.318182 0.220819 0.318182 0.220819 0.576591 0.200939 0.576591
0 0.236911 0.248750 0.263413 0.248750 0.263413 0.576591 0.236911 0.576591
0 0.559232 0.256932 0.592355 0.256932 0.592355 0.578409 0.559232 0.578409
0 0.516160 0.267727 0.557850 0.267727 0.557850 0.563977 0.516160 0.563977
0 0.479232 0.292955 0.500068 0.292955 0.500068 0.570227 0.479232 0.570227
0 0.451792 0.324432 0.479232 0.324432 0.479232 0.570227 0.451792 0.570227
0 0.426229 0.349659 0.450836 0.349659 0.450836 0.563977 0.426229 0.563977
0 0.405410 0.299205 0.424334 0.299205 0.424334 0.570227 0.405410 0.570227
0 0.359966 0.324432 0.392150 0.324432 0.392150 0.671136 0.359966 0.671136
0 0.334403 0.324432 0.359966 0.324432 0.359966 0.576591 0.334403 0.576591
0 0.313584 0.324432 0.333464 0.324432 0.333464 0.570227 0.313584 0.570227
0 0.281399 0.324432 0.312628 0.324432 0.312628 0.576591 0.281399 0.576591
0 0.264352 0.255114 0.281399 0.255114 0.281399 0.570227 0.264352 0.570227
0 0.058942 0.261364 0.093976 0.261364 0.093976 0.582841 0.058942 0.582841
