0 0.333299 0.491205 0.350975 0.479947 0.356368 0.510276 0.338692 0.521534
0 0.513062 0.313085 0.531359 0.298600 0.541547 0.344692 0.523249 0.359178
0 0.495414 0.322891 0.513739 0.311756 0.521797 0.359257 0.503472 0.370392
0 0.485867 0.316213 0.493777 0.311058 0.504691 0.371046 0.496781 0.376201
0 0.462699 0.330860 0.483029 0.316703 0.495247 0.379547 0.474916 0.393704
0 0.446836 0.355794 0.464370 0.344043 0.473663 0.393706 0.456129 0.405457
0 0.419938 0.361421 0.445440 0.343567 0.457430 0.404912 0.431928 0.422766
0 0.400754 0.385068 0.420728 0.371383 0.430900 0.424562 0.410925 0.438246
0 0.379865 0.461222 0.393529 0.453018 0.398520 0.482797 0.384857 0.491000
0 0.317222 0.430974 0.347967 0.414069 0.357611 0.476897 0.326867 0.493802
0 0.370197 0.414481 0.401225 0.392291 0.410958 0.441038 0.379929 0.463228
0 0.358103 0.407596 0.367112 0.401491 0.378198 0.460089 0.369189 0.466194
0 0.349359 0.429200 0.362086 0.421000 0.370171 0.465948 0.357444 0.474148
0 0.417833 0.434202 0.434116 0.421938 0.440219 0.450965 0.423937 0.463228
0 0.356576 0.476994 0.373725 0.465628 0.379226 0.495358 0.362077 0.506724
0 0.396667 0.450381 0.415406 0.437262 0.420692 0.464304 0.401952 0.477423
