0 0.262435 0.832563 0.281583 0.843586 0.261698 0.877927 0.242550 0.866904
0 0.286520 0.845250 0.300561 0.853333 0.284723 0.880687 0.270681 0.872603
0 0.299678 0.855153 0.321006 0.860851 0.312808 0.891360 0.291479 0.885662
0 0.320847 0.866334 0.354375 0.875292 0.345945 0.906663 0.312417 0.897705
0 0.357089 0.878904 0.372974 0.883148 0.363923 0.916831 0.348038 0.912586
0 0.377436 0.885036 0.397620 0.890429 0.390454 0.917096 0.370270 0.911704
0 0.398150 0.894496 0.422254 0.894496 0.422254 0.922565 0.398150 0.922565
0 0.436416 0.901037 0.452283 0.901037 0.452283 0.928415 0.436416 0.928415
0 0.457688 0.901412 0.480520 0.901412 0.480520 0.929193 0.457688 0.929193
0 0.484769 0.902190 0.507225 0.902190 0.507225 0.942305 0.484769 0.942305
0 0.509162 0.902594 0.527341 0.902594 0.527341 0.936542 0.509162 0.936542
0 0.528497 0.901037 0.544364 0.901037 0.544364 0.929193 0.528497 0.929193
0 0.544590 0.901956 0.568152 0.895661 0.575468 0.922885 0.551906 0.929180
0 0.569141 0.896368 0.586171 0.891818 0.597159 0.932710 0.580130 0.937260
0 0.598076 0.880847 0.618623 0.875357 0.628340 0.911517 0.607793 0.917006
0 0.624214 0.882411 0.646966 0.876332 0.654948 0.906033 0.632196 0.912112
0 0.647977 0.876677 0.656662 0.871677 0.675636 0.904447 0.666951 0.909447
0 0.660033 0.871662 0.680082 0.860121 0.699591 0.893813 0.679542 0.905355
0 0.703798 0.849132 0.717959 0.873591 0.699613 0.884153 0.685451 0.859694
0 0.727563 0.837060 0.741421 0.860995 0.721773 0.872306 0.707914 0.848371
0 0.741084 0.827569 0.759027 0.845461 0.745621 0.858829 0.727678 0.840937
0 0.758914 0.801861 0.778235 0.835229 0.760364 0.845517 0.741043 0.812149
0 0.778862 0.795846 0.799687 0.816611 0.786832 0.829428 0.766007 0.808663
0 0.810665 0.766133 0.835352 0.790749 0.820433 0.805625 0.795746 0.781009
0 0.825580 0.750831 0.845915 0.771107 0.831732 0.785249 0.811397 0.764973
0 0.835842 0.738482 0.856666 0.759247 0.846673 0.769212 0.825848 0.748447
0 0.839955 0.730297 0.874496 0.750181 0.870334 0.757369 0.835793 0.737484
0 0.850958 0.716019 0.883797 0.734924 0.875632 0.749025 0.842793 0.730120
0 0.871673 0.683127 0.895451 0.696815 0.883587 0.717306 0.859809 0.703617
0 0.880481 0.660632 0.919006 0.670925 0.912641 0.694613 0.874115 0.684320
0 0.887725 0.644379 0.921198 0.653322 0.916754 0.669857 0.883282 0.660914
0 0.902288 0.608316 0.938134 0.617893 0.932105 0.640329 0.896259 0.630752
0 0.909828 0.582724 0.937131 0.590019 0.931386 0.611397 0.904083 0.604102
0 0.913006 0.557896 0.941185 0.557896 0.941185 0.582421 0.913006 0.582421
0 0.917514 0.530144 0.945000 0.530144 0.945000 0.554092 0.917514 0.554092
0 0.919566 0.511412 0.948179 0.511412 0.948179 0.528991 0.919566 0.528991
0 0.921301 0.484899 0.948757 0.484899 0.948757 0.506801 0.921301 0.506801
0 0.920723 0.445418 0.947312 0.445418 0.947312 0.469914 0.920723 0.469914
0 0.907717 0.419193 0.946734 0.419193 0.946734 0.444265 0.907717 0.444265
0 0.907149 0.383786 0.948522 0.372732 0.954932 0.396588 0.913559 0.407642
0 0.905102 0.373299 0.946335 0.362283 0.948684 0.371023 0.907451 0.382040
0 0.896581 0.351298 0.922162 0.336572 0.934575 0.358010 0.908995 0.372737
0 0.909119 0.311687 0.921691 0.333400 0.898338 0.346844 0.885766 0.325131
0 0.895196 0.274726 0.914286 0.307695 0.889457 0.321989 0.870367 0.289020
0 0.875274 0.243355 0.886632 0.262971 0.855420 0.280939 0.844062 0.261323
0 0.856153 0.218688 0.871807 0.234297 0.849859 0.256183 0.834204 0.240573
0 0.855973 0.203045 0.862206 0.209260 0.836599 0.234794 0.830366 0.228578
0 0.816568 0.215374 0.837066 0.194935 0.850166 0.207998 0.829668 0.228436
0 0.794890 0.190587 0.818393 0.167153 0.831063 0.179787 0.807561 0.203222
0 0.792376 0.153995 0.814127 0.166516 0.799271 0.192173 0.777521 0.179651
0 0.773363 0.139773 0.794137 0.151733 0.780626 0.175068 0.759851 0.163109
0 0.753100 0.120219 0.774125 0.132323 0.758460 0.159377 0.737436 0.147273
0 0.719117 0.100994 0.740392 0.113241 0.726375 0.137450 0.705099 0.125202
0 0.701077 0.077352 0.721726 0.089240 0.702015 0.123282 0.681366 0.111394
0 0.675729 0.074412 0.692145 0.078797 0.683288 0.111756 0.666873 0.107370
0 0.637534 0.065088 0.660091 0.071114 0.652581 0.099062 0.630024 0.093036
0 0.610630 0.057218 0.633550 0.063341 0.626219 0.090621 0.603300 0.084497
0 0.587081 0.037654 0.610196 0.043830 0.599335 0.084248 0.576220 0.078072
0 0.562254 0.041816 0.577168 0.041816 0.577168 0.077406 0.562254 0.077406
0 0.522225 0.044928 0.547746 0.044928 0.547746 0.073112 0.522225 0.073112
0 0.497139 0.034380 0.520289 0.034380 0.520289 0.073112 0.497139 0.073112
0 0.427081 0.133919 0.453382 0.133919 0.453382 0.163026 0.427081 0.163026
0 0.396883 0.144623 0.419579 0.138559 0.427134 0.166674 0.404438 0.172738
0 0.368410 0.151210 0.397601 0.151210 0.397601 0.180029 0.368410 0.180029
0 0.317116 0.184585 0.349980 0.165666 0.364185 0.190199 0.331321 0.209118
0 0.310058 0.186921 0.330024 0.206830 0.312919 0.223886 0.292952 0.203977
0 0.286846 0.203771 0.308038 0.224903 0.290524 0.242367 0.269331 0.221235
0 0.257650 0.235165 0.277985 0.255441 0.260818 0.272558 0.240484 0.252282
0 0.233475 0.263977 0.261575 0.291997 0.242855 0.310663 0.214755 0.282643
0 0.212163 0.290384 0.237693 0.305082 0.225756 0.325696 0.200226 0.310999
0 0.189687 0.311793 0.223001 0.330971 0.219128 0.337660 0.185814 0.318481
0 0.183803 0.327575 0.219285 0.337055 0.215186 0.352310 0.179703 0.342830
0 0.181754 0.346314 0.209922 0.353840 0.205674 0.369651 0.177505 0.362125
0 0.176039 0.367173 0.203370 0.374475 0.197400 0.396689 0.170070 0.389387
0 0.159884 0.394236 0.196301 0.394236 0.196301 0.410778 0.159884 0.410778
0 0.161618 0.413948 0.191098 0.413948 0.191098 0.435562 0.161618 0.435562
0 0.156965 0.450086 0.186272 0.450086 0.186272 0.475216 0.156965 0.475216
0 0.154451 0.477723 0.185347 0.477723 0.185347 0.493458 0.154451 0.493458
0 0.155405 0.498790 0.185954 0.498790 0.185954 0.524870 0.155405 0.524870
0 0.147197 0.529280 0.188728 0.529280 0.188728 0.544092 0.147197 0.544092
0 0.160056 0.549939 0.188336 0.542383 0.194829 0.566545 0.166549 0.574101
0 0.153652 0.580345 0.194132 0.569529 0.200857 0.594554 0.160377 0.605370
0 0.179274 0.621923 0.212489 0.602802 0.226072 0.626262 0.192858 0.645383
0 0.190526 0.649700 0.215731 0.635190 0.227133 0.654882 0.201928 0.669392
0 0.198568 0.678489 0.230781 0.659944 0.234409 0.666209 0.202195 0.684753
0 0.211780 0.683860 0.238061 0.668730 0.246139 0.682682 0.219858 0.697811
0 0.233953 0.714700 0.252980 0.695729 0.269717 0.712418 0.250691 0.731390
0 0.271521 0.714762 0.283967 0.727172 0.263653 0.747428 0.251207 0.735018
0 0.286470 0.731302 0.291498 0.736315 0.265380 0.762358 0.260352 0.757345
0 0.294125 0.739430 0.307552 0.752818 0.282783 0.777516 0.269356 0.764127
0 0.306044 0.750505 0.328971 0.763704 0.314188 0.789236 0.291260 0.776037
0 0.315887 0.793440 0.331234 0.766935 0.352610 0.779240 0.337263 0.805745
0 0.366991 0.788467 0.388241 0.800700 0.374426 0.824559 0.353175 0.812326
0 0.390114 0.800532 0.412364 0.806477 0.401996 0.845058 0.379746 0.839114
0 0.417185 0.806536 0.434326 0.811116 0.424549 0.847498 0.407408 0.842919
0 0.444162 0.816801 0.471098 0.816801 0.471098 0.857032 0.444162 0.857032
0 0.476763 0.820403 0.499017 0.820403 0.499017 0.851354 0.476763 0.851354
0 0.505231 0.820403 0.531098 0.820403 0.531098 0.850836 0.505231 0.850836
0 0.534191 0.818329 0.560578 0.818329 0.560578 0.847752 0.534191 0.847752
0 0.560136 0.816126 0.574625 0.812255 0.582263 0.840676 0.567774 0.844547
0 0.579752 0.812213 0.603370 0.805903 0.611404 0.835799 0.587786 0.842109
0 0.615871 0.789224 0.640521 0.782638 0.650979 0.821554 0.626328 0.828140
0 0.645320 0.790361 0.663567 0.779857 0.679159 0.806786 0.660913 0.817290
0 0.665845 0.777664 0.679661 0.769710 0.694965 0.796140 0.681148 0.804094
0 0.716925 0.747581 0.733067 0.775459 0.701254 0.793773 0.685112 0.765896
0 0.724179 0.736112 0.741101 0.719239 0.770734 0.748787 0.753812 0.765660
0 0.756256 0.698149 0.783137 0.713624 0.771432 0.733840 0.744550 0.718364
0 0.774184 0.675762 0.799414 0.690286 0.787781 0.710377 0.762551 0.695852
0 0.793998 0.646653 0.818878 0.660976 0.808661 0.678621 0.783781 0.664298
0 0.797972 0.635091 0.834340 0.656027 0.830265 0.663065 0.793897 0.642129
0 0.807634 0.611623 0.849426 0.622789 0.843262 0.645726 0.801470 0.634560
0 0.813731 0.592231 0.849577 0.601808 0.844939 0.619066 0.809094 0.609489
0 0.825144 0.554299 0.854065 0.562027 0.847804 0.585326 0.818883 0.577599
0 0.831669 0.527563 0.871311 0.538155 0.864631 0.563013 0.824989 0.552421
0 0.830347 0.518329 0.871098 0.518329 0.871098 0.528242 0.830347 0.528242
0 0.831618 0.507205 0.872832 0.507205 0.872832 0.514553 0.831618 0.514553
0 0.831590 0.466830 0.872254 0.466830 0.872254 0.489395 0.831590 0.489395
0 0.829017 0.437752 0.859827 0.437752 0.859827 0.462738 0.829017 0.462738
0 0.822867 0.411093 0.850672 0.403664 0.857711 0.429858 0.829906 0.437287
0 0.820385 0.398755 0.861395 0.387798 0.863459 0.395481 0.822449 0.406438
0 0.806458 0.355905 0.849674 0.344359 0.856952 0.371444 0.813737 0.382990
0 0.836488 0.328620 0.841097 0.336582 0.806431 0.356538 0.801822 0.348577
0 0.788873 0.323121 0.813627 0.308870 0.824855 0.328262 0.800101 0.342513
0 0.793344 0.282336 0.811328 0.300268 0.791627 0.319912 0.773643 0.301980
0 0.773676 0.245797 0.800039 0.272084 0.775168 0.296884 0.748805 0.270596
0 0.754015 0.219204 0.765234 0.230392 0.740465 0.255090 0.729245 0.243902
0 0.730084 0.206934 0.746760 0.223562 0.725812 0.244449 0.709136 0.227821
0 0.709930 0.189651 0.726463 0.206136 0.705822 0.226718 0.689289 0.210232
0 0.691451 0.170855 0.706844 0.179717 0.687769 0.212661 0.672376 0.203799
0 0.673092 0.155752 0.678223 0.158706 0.657977 0.193671 0.652846 0.190718
0 0.642417 0.151925 0.662742 0.163626 0.647467 0.190006 0.627143 0.178305
0 0.595980 0.137406 0.633500 0.147430 0.625639 0.176686 0.588118 0.166662
0 0.577421 0.130748 0.592244 0.134708 0.584053 0.165189 0.569230 0.161228
0 0.541474 0.129337 0.568121 0.129337 0.568121 0.158617 0.541474 0.158617
0 0.507572 0.117147 0.535607 0.117147 0.535607 0.156801 0.507572 0.156801
0 0.408439 0.051354 0.431850 0.051354 0.431850 0.078444 0.408439 0.078444
0 0.386416 0.054813 0.408150 0.054813 0.408150 0.083055 0.386416 0.083055
0 0.358660 0.065060 0.379821 0.059406 0.387062 0.086352 0.365901 0.092006
0 0.332056 0.074273 0.355171 0.068097 0.364881 0.104229 0.341765 0.110405
0 0.309193 0.085351 0.324911 0.076302 0.339940 0.102257 0.324222 0.111306
0 0.276146 0.088494 0.293117 0.078724 0.312582 0.112342 0.295612 0.122111
0 0.262486 0.103516 0.289364 0.103516 0.289364 0.130893 0.262486 0.130893
0 0.239981 0.114177 0.264423 0.138549 0.251753 0.151183 0.227311 0.126811
0 0.228600 0.129684 0.247687 0.148716 0.230071 0.166282 0.210983 0.147249
0 0.205798 0.147828 0.226051 0.168023 0.208046 0.185976 0.187793 0.165781
0 0.177277 0.175111 0.203313 0.201073 0.186596 0.217742 0.160560 0.191780
0 0.159743 0.194481 0.179566 0.214248 0.162338 0.231426 0.142515 0.211660
0 0.131766 0.211871 0.163653 0.230229 0.158812 0.238590 0.126925 0.220232
0 0.130517 0.228290 0.154570 0.242137 0.143154 0.261854 0.119100 0.248007
0 0.115259 0.251846 0.140088 0.266140 0.128209 0.286655 0.103380 0.272361
0 0.102138 0.276516 0.125766 0.290118 0.114740 0.309161 0.091112 0.295559
0 0.089835 0.300256 0.113488 0.313872 0.105049 0.328448 0.081396 0.314831
0 0.071994 0.333170 0.099162 0.333170 0.099162 0.357954 0.071994 0.357954
0 0.069199 0.355267 0.094994 0.362159 0.090454 0.379056 0.064659 0.372164
0 0.059249 0.377176 0.085318 0.377176 0.085318 0.402594 0.059249 0.402594
0 0.044075 0.399424 0.081676 0.399424 0.081676 0.420115 0.044075 0.420115
0 0.049538 0.421931 0.078035 0.421931 0.078035 0.445504 0.049538 0.445504
0 0.035578 0.447925 0.075607 0.447925 0.075607 0.472709 0.035578 0.472709
0 0.047717 0.489049 0.076214 0.489049 0.076214 0.513228 0.047717 0.513228
0 0.048931 0.516254 0.078035 0.516254 0.078035 0.541643 0.048931 0.541643
0 0.053786 0.554352 0.081792 0.554352 0.081792 0.574899 0.053786 0.574899
0 0.055907 0.578999 0.083433 0.571645 0.089873 0.595612 0.062347 0.602966
0 0.062530 0.611305 0.085707 0.597962 0.097528 0.618378 0.074351 0.631721
0 0.070657 0.636145 0.102695 0.617701 0.116337 0.641261 0.084299 0.659705
0 0.082232 0.673287 0.111467 0.656457 0.119675 0.670633 0.090440 0.687463
0 0.094553 0.687037 0.118857 0.673046 0.129522 0.691464 0.105218 0.705456
0 0.106266 0.705538 0.130570 0.691547 0.143821 0.714433 0.119517 0.728424
0 0.116333 0.737001 0.141675 0.711733 0.155285 0.725304 0.129944 0.750573
0 0.137286 0.757448 0.158090 0.736703 0.177280 0.755838 0.156476 0.776582
0 0.176249 0.760631 0.192619 0.776953 0.166092 0.803404 0.149722 0.787081
0 0.195223 0.778036 0.208487 0.791261 0.185557 0.814125 0.172294 0.800900
0 0.212262 0.797570 0.230759 0.808219 0.217074 0.831853 0.198577 0.821205
0 0.232771 0.810486 0.253096 0.822187 0.237807 0.848592 0.217482 0.836891
