0 0.346103 0.796711 0.367367 0.796711 0.367367 0.815520 0.346103 0.815520
0 0.322260 0.792215 0.343078 0.792215 0.343078 0.813893 0.322260 0.813893
0 0.358167 0.043003 0.551815 0.043003 0.551815 0.287836 0.358167 0.287836
0 0.132046 0.001174 0.357082 0.001174 0.357082 0.267433 0.132046 0.267433
0 0.619893 0.932701 0.643060 0.932701 0.643060 0.952433 0.619893 0.952433
0 0.595231 0.928121 0.617278 0.928121 0.617278 0.947550 0.595231 0.947550
0 0.571317 0.923893 0.591495 0.923893 0.591495 0.944329 0.571317 0.944329
0 0.547384 0.921074 0.570196 0.921074 0.570196 0.940101 0.547384 0.940101
0 0.524217 0.916846 0.545890 0.916846 0.545890 0.936225 0.524217 0.936225
0 0.500302 0.913322 0.523843 0.913322 0.523843 0.933406 0.500302 0.933406
0 0.474555 0.909799 0.497651 0.909799 0.497651 0.929883 0.474555 0.929883
0 0.430427 0.902752 0.451690 0.902752 0.451690 0.922869 0.430427 0.922869
0 0.406103 0.900285 0.427811 0.900285 0.427811 0.919312 0.406103 0.919312
0 0.403149 0.929262 0.432384 0.929262 0.432384 0.965101 0.403149 0.965101
0 0.363594 0.924211 0.390765 0.924211 0.390765 0.958574 0.363594 0.958574
0 0.332705 0.920134 0.362349 0.920134 0.362349 0.955671 0.332705 0.955671
0 0.307989 0.917802 0.330854 0.917802 0.330854 0.950419 0.307989 0.950419
0 0.644733 0.964681 0.678701 0.964681 0.678701 0.998792 0.644733 0.998792
0 0.611210 0.960117 0.642527 0.960117 0.642527 0.995050 0.611210 0.995050
0 0.585641 0.955956 0.609893 0.955956 0.609893 0.990470 0.585641 0.990470
0 0.548861 0.949832 0.571797 0.949832 0.571797 0.983121 0.548861 0.983121
0 0.516246 0.946862 0.548630 0.946862 0.548630 0.980789 0.516246 0.980789
0 0.486797 0.937752 0.515356 0.937752 0.515356 0.971896 0.486797 0.971896
0 0.460036 0.940503 0.485445 0.940503 0.485445 0.971678 0.460036 0.971678
0 0.433719 0.933725 0.459591 0.933725 0.459591 0.968070 0.433719 0.968070
0 0.384093 0.897114 0.404235 0.897114 0.404235 0.916493 0.384093 0.916493
0 0.758470 0.129715 0.881797 0.129715 0.881797 0.342936 0.758470 0.342936
0 0.605872 0.097064 0.757384 0.097064 0.757384 0.323557 0.605872 0.323557
0 0.549644 0.049128 0.609164 0.049128 0.609164 0.301107 0.549644 0.301107
0 0.664342 0.839346 0.675463 0.839346 0.675463 0.860755 0.664342 0.860755
0 0.641815 0.837701 0.662082 0.837701 0.662082 0.856812 0.641815 0.856812
0 0.625979 0.830889 0.638025 0.830889 0.638025 0.858641 0.625979 0.858641
0 0.605694 0.832265 0.623505 0.832265 0.623505 0.850889 0.605694 0.850889
0 0.581601 0.828641 0.599911 0.828641 0.599911 0.848171 0.581601 0.848171
0 0.567153 0.820470 0.577758 0.820470 0.577758 0.845889 0.567153 0.845889
0 0.549537 0.825101 0.565356 0.825101 0.565356 0.843926 0.549537 0.843926
0 0.527224 0.815252 0.545480 0.815252 0.545480 0.841376 0.527224 0.841376
0 0.503915 0.819715 0.522189 0.819715 0.522189 0.836980 0.503915 0.836980
0 0.475694 0.813960 0.498381 0.813960 0.498381 0.841611 0.475694 0.841611
0 0.441975 0.808574 0.462367 0.808574 0.462367 0.831074 0.441975 0.831074
0 0.416815 0.804480 0.439377 0.804480 0.439377 0.828205 0.416815 0.828205
0 0.382544 0.801208 0.413772 0.801208 0.413772 0.825755 0.382544 0.825755
0 0.688897 0.841930 0.712100 0.841930 0.712100 0.866443 0.688897 0.866443
0 0.716228 0.838909 0.724555 0.838909 0.724555 0.869497 0.716228 0.869497
0 0.727349 0.848960 0.749110 0.848960 0.749110 0.869497 0.727349 0.869497
0 0.751886 0.846342 0.760231 0.846342 0.760231 0.880856 0.751886 0.880856
0 0.429199 0.991376 0.439875 0.991376 0.439875 1.000000 0.429199 1.000000
0 0.416922 0.984664 0.428310 0.984664 0.428310 1.000000 0.416922 1.000000
0 0.406441 0.983507 0.416246 0.983507 0.416246 1.000000 0.406441 1.000000
0 0.680463 0.968842 0.709573 0.968842 0.709573 1.000000 0.680463 1.000000
