0 0.873832 0.332635 0.884474 0.332635 0.884474 0.486587 0.873832 0.486587
0 0.854011 0.331796 0.862923 0.331796 0.862923 0.486587 0.854011 0.486587
0 0.843601 0.333473 0.853262 0.333473 0.853262 0.487425 0.843601 0.487425
0 0.833939 0.333473 0.842852 0.333473 0.842852 0.486587 0.833939 0.486587
0 0.815758 0.284371 0.827362 0.284371 0.827362 0.489701 0.815758 0.489701
0 0.801408 0.283234 0.815330 0.283234 0.815330 0.487365 0.801408 0.487365
0 0.788788 0.284371 0.799697 0.284371 0.799697 0.487365 0.788788 0.487365
0 0.774777 0.282096 0.787754 0.282096 0.787754 0.487365 0.774777 0.487365
0 0.761123 0.283234 0.774777 0.283234 0.774777 0.487365 0.761123 0.487365
0 0.741676 0.286707 0.753280 0.286707 0.753280 0.486228 0.741676 0.486228
0 0.726649 0.282096 0.741319 0.282096 0.741319 0.485090 0.726649 0.485090
0 0.712995 0.284371 0.725971 0.284371 0.725971 0.483952 0.712995 0.483952
0 0.696257 0.333713 0.707879 0.333713 0.707879 0.485090 0.696257 0.485090
0 0.680125 0.334311 0.688057 0.334311 0.688057 0.488683 0.680125 0.488683
0 0.669055 0.335449 0.679073 0.335449 0.679073 0.486347 0.669055 0.486347
0 0.659394 0.334311 0.668717 0.334311 0.668717 0.487485 0.659394 0.487485
0 0.649376 0.333174 0.659394 0.333174 0.659394 0.487485 0.649376 0.487485
0 0.631408 0.335449 0.640392 0.335449 0.640392 0.487485 0.631408 0.487485
0 0.621390 0.334311 0.630374 0.334311 0.630374 0.487485 0.621390 0.487485
0 0.602496 0.281976 0.614296 0.281976 0.614296 0.489701 0.602496 0.489701
0 0.586631 0.284731 0.601283 0.284731 0.601283 0.488323 0.586631 0.488323
0 0.573209 0.277904 0.584599 0.277904 0.584599 0.489701 0.573209 0.489701
0 0.566292 0.283353 0.572014 0.283353 0.572014 0.489701 0.566292 0.489701
0 0.554100 0.284731 0.565419 0.284731 0.565419 0.486946 0.554100 0.486946
0 0.540267 0.279281 0.554100 0.279281 0.554100 0.489701 0.540267 0.489701
0 0.525633 0.284731 0.538645 0.284731 0.538645 0.486946 0.525633 0.486946
0 0.512210 0.284731 0.524403 0.284731 0.524403 0.485569 0.512210 0.485569
0 0.498788 0.281976 0.511390 0.281976 0.511390 0.488323 0.498788 0.488323
0 0.486988 0.284731 0.498378 0.284731 0.498378 0.486946 0.486988 0.486946
0 0.472745 0.281976 0.485365 0.281976 0.485365 0.484192 0.472745 0.484192
0 0.454492 0.283234 0.465401 0.283234 0.465401 0.486826 0.454492 0.486826
0 0.440392 0.281078 0.453209 0.281078 0.453209 0.487964 0.440392 0.487964
0 0.425312 0.284311 0.439750 0.284311 0.439750 0.487964 0.425312 0.487964
0 0.410873 0.281078 0.424670 0.281078 0.424670 0.489042 0.410873 0.489042
0 0.395793 0.285389 0.409269 0.285389 0.409269 0.489042 0.395793 0.489042
0 0.382656 0.284311 0.394831 0.284311 0.394831 0.489042 0.382656 0.489042
0 0.367897 0.283234 0.382014 0.283234 0.382014 0.489042 0.367897 0.489042
0 0.354100 0.281078 0.366613 0.281078 0.366613 0.487964 0.354100 0.487964
0 0.339020 0.332814 0.348645 0.332814 0.348645 0.490120 0.339020 0.490120
0 0.327487 0.333892 0.337415 0.333892 0.337415 0.487964 0.327487 0.487964
0 0.315936 0.336048 0.326845 0.336048 0.326845 0.486886 0.315936 0.486886
0 0.296257 0.282754 0.311212 0.282754 0.311212 0.489701 0.296257 0.489701
0 0.285330 0.282754 0.295169 0.282754 0.295169 0.492156 0.285330 0.492156
0 0.271836 0.283952 0.284955 0.283952 0.284955 0.488503 0.271836 0.488503
0 0.256524 0.283952 0.270766 0.283952 0.270766 0.490958 0.256524 0.490958
0 0.245954 0.283952 0.256524 0.283952 0.256524 0.488503 0.245954 0.488503
0 0.231016 0.282754 0.245954 0.282754 0.245954 0.488503 0.231016 0.488503
0 0.224082 0.283952 0.230285 0.283952 0.230285 0.488503 0.224082 0.488503
0 0.212424 0.286407 0.223351 0.286407 0.223351 0.488503 0.212424 0.488503
0 0.193725 0.284731 0.204955 0.284731 0.204955 0.487784 0.193725 0.487784
0 0.179287 0.284731 0.191765 0.284731 0.191765 0.485329 0.179287 0.485329
0 0.164135 0.284192 0.177683 0.284192 0.177683 0.486527 0.164135 0.486527
0 0.150588 0.281737 0.163422 0.281737 0.163422 0.485329 0.150588 0.485329
0 0.129376 0.282934 0.148627 0.282934 0.148627 0.486527 0.129376 0.486527
0 0.115116 0.283533 0.129376 0.283533 0.129376 0.485928 0.115116 0.485928
0 0.102282 0.284731 0.114046 0.284731 0.114046 0.487126 0.102282 0.487126
0 0.086952 0.284192 0.101034 0.284192 0.101034 0.487784 0.086952 0.487784
0 0.076078 0.285329 0.086774 0.285329 0.086774 0.488323 0.076078 0.488323
0 0.951622 0.765269 0.964421 0.765269 0.964421 0.965389 0.951622 0.965389
0 0.788324 0.873353 0.796881 0.873353 0.796881 0.966766 0.788324 0.966766
0 0.779768 0.873952 0.787968 0.873952 0.787968 0.968563 0.779768 0.968563
0 0.772282 0.874551 0.778877 0.874551 0.778877 0.967365 0.772282 0.967365
0 0.763012 0.873353 0.771034 0.873353 0.771034 0.966168 0.763012 0.966168
0 0.753387 0.873952 0.762478 0.873952 0.762478 0.968563 0.753387 0.968563
0 0.745009 0.873353 0.753030 0.873353 0.753030 0.965569 0.745009 0.965569
0 0.736096 0.873353 0.744474 0.873353 0.744474 0.966766 0.736096 0.966766
0 0.726649 0.873952 0.735918 0.873952 0.735918 0.966168 0.726649 0.966168
0 0.717736 0.874551 0.726649 0.874551 0.726649 0.965569 0.717736 0.965569
0 0.789929 0.764970 0.796524 0.764970 0.796524 0.858982 0.789929 0.858982
0 0.780481 0.764970 0.788859 0.764970 0.788859 0.857186 0.780481 0.857186
0 0.775312 0.766168 0.779857 0.766168 0.779857 0.857186 0.775312 0.857186
0 0.768182 0.765569 0.774955 0.765569 0.774955 0.858383 0.768182 0.858383
0 0.758913 0.765569 0.767291 0.765569 0.767291 0.857784 0.758913 0.857784
0 0.750178 0.765569 0.758378 0.765569 0.758378 0.859581 0.750178 0.859581
0 0.742157 0.765569 0.749643 0.765569 0.749643 0.858982 0.742157 0.858982
0 0.732175 0.765569 0.741266 0.765569 0.741266 0.858383 0.732175 0.858383
0 0.725223 0.766766 0.731818 0.766766 0.731818 0.859581 0.725223 0.859581
0 0.696613 0.812635 0.706061 0.812635 0.706061 0.966527 0.696613 0.966527
0 0.685740 0.812036 0.696257 0.812036 0.696257 0.965329 0.685740 0.965329
0 0.675579 0.812036 0.685918 0.812036 0.685918 0.965329 0.675579 0.965329
0 0.655971 0.813234 0.666667 0.813234 0.666667 0.965928 0.655971 0.965928
0 0.645811 0.813832 0.655258 0.813832 0.655258 0.964731 0.645811 0.964731
0 0.633868 0.814431 0.645455 0.814431 0.645455 0.964731 0.633868 0.964731
0 0.612959 0.766467 0.622460 0.766467 0.622460 0.966946 0.612959 0.966946
0 0.601194 0.766467 0.611212 0.766467 0.611212 0.966946 0.601194 0.966946
0 0.587914 0.764311 0.599893 0.764311 0.599893 0.966946 0.587914 0.966946
0 0.572442 0.764311 0.586168 0.764311 0.586168 0.966228 0.572442 0.966228
0 0.566346 0.765749 0.570927 0.765749 0.570927 0.964790 0.566346 0.964790
0 0.544795 0.764311 0.563957 0.764311 0.563957 0.966946 0.544795 0.966946
0 0.523440 0.765030 0.536720 0.765030 0.536720 0.966228 0.523440 0.966228
0 0.507986 0.765749 0.521693 0.765749 0.521693 0.964012 0.507986 0.964012
0 0.495348 0.765030 0.506453 0.765030 0.506453 0.965509 0.495348 0.965509
0 0.480784 0.875150 0.488467 0.875150 0.488467 0.966766 0.480784 0.966766
0 0.470802 0.875150 0.480089 0.875150 0.480089 0.966467 0.470802 0.966467
0 0.462424 0.875150 0.470089 0.875150 0.470089 0.965868 0.462424 0.965868
0 0.452460 0.874551 0.461889 0.874551 0.461889 0.966168 0.452460 0.966168
0 0.443012 0.874551 0.451729 0.874551 0.451729 0.965569 0.443012 0.965569
0 0.434795 0.874551 0.442299 0.874551 0.442299 0.967365 0.434795 0.967365
0 0.425348 0.873952 0.433743 0.873952 0.433743 0.967365 0.425348 0.967365
0 0.416613 0.873952 0.425009 0.873952 0.425009 0.966168 0.416613 0.966168
0 0.408057 0.873353 0.416275 0.873353 0.416275 0.966168 0.408057 0.966168
0 0.399144 0.873952 0.407540 0.873952 0.407540 0.966766 0.399144 0.966766
0 0.389697 0.874551 0.398610 0.874551 0.398610 0.965569 0.389697 0.965569
0 0.482763 0.764970 0.489162 0.764970 0.489162 0.860778 0.482763 0.860778
0 0.473119 0.766168 0.482032 0.766168 0.482032 0.859581 0.473119 0.859581
0 0.461889 0.766168 0.469750 0.766168 0.469750 0.858982 0.461889 0.858982
0 0.451729 0.764970 0.461176 0.764970 0.461176 0.860180 0.451729 0.860180
0 0.443708 0.766168 0.450677 0.766168 0.450677 0.859581 0.443708 0.859581
0 0.435526 0.766168 0.443351 0.766168 0.443351 0.860180 0.435526 0.860180
0 0.427665 0.765569 0.433904 0.765569 0.433904 0.858982 0.427665 0.858982
0 0.418948 0.764970 0.427130 0.764970 0.427130 0.858982 0.418948 0.858982
0 0.413939 0.766168 0.418235 0.766168 0.418235 0.858383 0.413939 0.858383
0 0.404848 0.766766 0.412513 0.766766 0.412513 0.857784 0.404848 0.857784
0 0.366988 0.764611 0.378538 0.764611 0.378538 0.967126 0.366988 0.967126
0 0.353619 0.764611 0.365169 0.764611 0.365169 0.964850 0.353619 0.964850
0 0.347273 0.764611 0.352050 0.764611 0.352050 0.965629 0.347273 0.965629
0 0.336168 0.765389 0.345455 0.765389 0.345455 0.967904 0.336168 0.967904
0 0.323244 0.766168 0.334118 0.766168 0.334118 0.965629 0.323244 0.965629
0 0.301943 0.765389 0.321426 0.765389 0.321426 0.966407 0.301943 0.966407
0 0.286061 0.764611 0.301248 0.764611 0.301248 0.966407 0.286061 0.966407
0 0.272014 0.766168 0.285169 0.766168 0.285169 0.965629 0.272014 0.965629
0 0.257968 0.763114 0.271337 0.763114 0.271337 0.965629 0.257968 0.965629
0 0.239608 0.765389 0.250250 0.765389 0.250250 0.965629 0.239608 0.965629
0 0.227362 0.764611 0.238021 0.764611 0.238021 0.966407 0.227362 0.966407
0 0.213761 0.763832 0.226684 0.763832 0.226684 0.967904 0.213761 0.967904
0 0.200392 0.763832 0.212406 0.763832 0.212406 0.967904 0.200392 0.967904
0 0.186346 0.763832 0.199269 0.763832 0.199269 0.966407 0.186346 0.966407
0 0.172941 0.878084 0.180963 0.878084 0.180963 0.969102 0.172941 0.969102
0 0.165455 0.876287 0.172406 0.876287 0.172406 0.967904 0.165455 0.967904
0 0.155294 0.874491 0.165098 0.874491 0.165098 0.967904 0.155294 0.967904
0 0.146381 0.873892 0.154046 0.873892 0.154046 0.969102 0.146381 0.969102
0 0.141961 0.874671 0.146381 0.874671 0.146381 0.969042 0.141961 0.969042
0 0.133119 0.873593 0.141658 0.873593 0.141658 0.969042 0.133119 0.969042
0 0.125544 0.874671 0.132175 0.874671 0.132175 0.970120 0.125544 0.970120
0 0.117023 0.875689 0.125241 0.875689 0.125241 0.969042 0.117023 0.969042
0 0.171640 0.764850 0.181444 0.764850 0.181444 0.861257 0.171640 0.861257
0 0.162727 0.764850 0.170749 0.764850 0.170749 0.860659 0.162727 0.860659
0 0.157914 0.765449 0.162014 0.765449 0.162014 0.860659 0.157914 0.860659
0 0.150250 0.766048 0.156845 0.766048 0.156845 0.861257 0.150250 0.861257
0 0.141159 0.766048 0.149537 0.766048 0.149537 0.860659 0.141159 0.860659
0 0.131889 0.767246 0.139911 0.767246 0.139911 0.858862 0.131889 0.858862
0 0.122620 0.765449 0.130820 0.765449 0.130820 0.860060 0.122620 0.860060
0 0.113529 0.766048 0.122264 0.766048 0.122264 0.860060 0.113529 0.860060
0 0.103547 0.766647 0.112995 0.766647 0.112995 0.861856 0.103547 0.861856
0 0.094813 0.766647 0.103012 0.766647 0.103012 0.860060 0.094813 0.860060
0 0.994795 0.633473 1.000000 0.633473 1.000000 0.728084 0.994795 0.728084
0 0.990160 0.634072 0.994082 0.634072 0.994082 0.726886 0.990160 0.726886
0 0.982496 0.635868 0.988378 0.635868 0.988378 0.726886 0.982496 0.726886
0 0.973048 0.634671 0.982852 0.634671 0.982852 0.728084 0.973048 0.728084
0 0.960570 0.635269 0.972692 0.635269 0.972692 0.726886 0.960570 0.726886
0 0.955045 0.634072 0.960036 0.634072 0.960036 0.726287 0.955045 0.726287
0 0.945775 0.635269 0.954153 0.635269 0.954153 0.726886 0.945775 0.726886
0 0.935793 0.634671 0.944706 0.634671 0.944706 0.726886 0.935793 0.726886
0 0.923137 0.634671 0.931515 0.634671 0.931515 0.726287 0.923137 0.726287
0 0.912799 0.634671 0.922602 0.634671 0.922602 0.725689 0.912799 0.725689
0 0.902816 0.634671 0.911907 0.634671 0.911907 0.724491 0.902816 0.724491
0 0.994724 0.526108 1.000000 0.526108 1.000000 0.619521 0.994724 0.619521
0 0.987950 0.526707 0.994011 0.526707 0.994011 0.618323 0.987950 0.618323
0 0.980642 0.526707 0.987059 0.526707 0.987059 0.619521 0.980642 0.619521
0 0.969590 0.525509 0.976542 0.525509 0.976542 0.617725 0.969590 0.617725
0 0.959964 0.526108 0.969055 0.526108 0.969055 0.617725 0.959964 0.617725
0 0.951408 0.526108 0.959073 0.526108 0.959073 0.619521 0.951408 0.619521
0 0.942317 0.524910 0.950695 0.524910 0.950695 0.619521 0.942317 0.619521
0 0.936970 0.524910 0.941783 0.524910 0.941783 0.618922 0.936970 0.618922
0 0.926988 0.526108 0.936435 0.526108 0.936435 0.618323 0.926988 0.618323
0 0.876542 0.523593 0.889234 0.523593 0.889234 0.726228 0.876542 0.726228
0 0.869465 0.523593 0.874456 0.523593 0.874456 0.726228 0.869465 0.726228
0 0.854082 0.524970 0.867184 0.524970 0.867184 0.726946 0.854082 0.726946
0 0.840980 0.522216 0.853244 0.522216 0.853244 0.726946 0.840980 0.726946
0 0.830160 0.526407 0.839733 0.526407 0.839733 0.725509 0.830160 0.725509
0 0.818093 0.524970 0.829323 0.524970 0.829323 0.726228 0.818093 0.726228
0 0.725740 0.523593 0.740517 0.523593 0.740517 0.726946 0.725740 0.726946
0 0.641426 0.334311 0.648681 0.334311 0.648681 0.488623 0.641426 0.488623
0 0.803333 0.523593 0.816435 0.523593 0.816435 0.726228 0.803333 0.726228
0 0.782317 0.524311 0.795633 0.524311 0.795633 0.726946 0.782317 0.726946
0 0.768182 0.518683 0.780446 0.518683 0.780446 0.729042 0.768182 0.729042
0 0.756114 0.524311 0.767130 0.524311 0.767130 0.729042 0.756114 0.729042
0 0.740731 0.522216 0.755490 0.522216 0.755490 0.728323 0.740731 0.728323
0 0.700410 0.524132 0.712531 0.524132 0.712531 0.725928 0.700410 0.725928
0 0.688645 0.524132 0.698984 0.524132 0.698984 0.725928 0.688645 0.725928
0 0.677415 0.525928 0.687754 0.525928 0.687754 0.725928 0.677415 0.725928
0 0.666898 0.526527 0.676346 0.526527 0.676346 0.725928 0.666898 0.725928
0 0.655134 0.525329 0.665472 0.525329 0.665472 0.726527 0.655134 0.726527
0 0.632139 0.524731 0.652282 0.524731 0.652282 0.725928 0.632139 0.725928
0 0.613066 0.526527 0.625009 0.526527 0.625009 0.725928 0.613066 0.725928
0 0.600410 0.523533 0.610392 0.523533 0.610392 0.727126 0.600410 0.727126
0 0.588645 0.524731 0.598806 0.524731 0.598806 0.727126 0.588645 0.727126
0 0.576702 0.525329 0.587576 0.525329 0.587576 0.725329 0.576702 0.725329
0 0.564938 0.524132 0.574920 0.524132 0.574920 0.725928 0.564938 0.725928
0 0.535098 0.524910 0.549376 0.524910 0.549376 0.727485 0.535098 0.727485
0 0.520802 0.524910 0.534456 0.524910 0.534456 0.728862 0.520802 0.728862
0 0.506934 0.525629 0.519340 0.525629 0.519340 0.728862 0.506934 0.728862
0 0.494955 0.523473 0.506096 0.523473 0.506096 0.726766 0.494955 0.726766
0 0.480036 0.522814 0.493708 0.522814 0.493708 0.726766 0.480036 0.726766
0 0.462389 0.523473 0.472906 0.523473 0.472906 0.727485 0.462389 0.727485
0 0.449162 0.523473 0.461765 0.523473 0.461765 0.726108 0.449162 0.726108
0 0.434242 0.524910 0.448520 0.524910 0.448520 0.726766 0.434242 0.726766
0 0.419750 0.523473 0.433619 0.523473 0.433619 0.727485 0.419750 0.727485
0 0.392121 0.522754 0.406916 0.522754 0.406916 0.725749 0.392121 0.725749
0 0.376613 0.523952 0.390517 0.523952 0.390517 0.726347 0.376613 0.726347
0 0.361462 0.523952 0.375544 0.523952 0.375544 0.725150 0.361462 0.725150
0 0.348984 0.524551 0.360214 0.524551 0.360214 0.725749 0.348984 0.725749
0 0.337576 0.524192 0.346007 0.524192 0.346007 0.723772 0.337576 0.723772
0 0.322763 0.522635 0.336988 0.522635 0.336988 0.725030 0.322763 0.725030
0 0.308806 0.522635 0.321373 0.522635 0.321373 0.726886 0.308806 0.726886
0 0.290410 0.502994 0.302674 0.502994 0.302674 0.727844 0.290410 0.727844
0 0.277291 0.521737 0.290125 0.521737 0.290125 0.726886 0.277291 0.726886
0 0.263904 0.523593 0.275900 0.523593 0.275900 0.724072 0.263904 0.724072
0 0.235134 0.518743 0.249127 0.518743 0.249127 0.728084 0.235134 0.728084
0 0.224706 0.524731 0.234617 0.524731 0.234617 0.725569 0.224706 0.725569
0 0.210214 0.523892 0.224189 0.523892 0.224189 0.727246 0.210214 0.727246
0 0.202834 0.523892 0.208431 0.523892 0.208431 0.727246 0.202834 0.727246
0 0.188592 0.523892 0.201818 0.523892 0.201818 0.728084 0.188592 0.728084
0 0.175615 0.520359 0.187308 0.520359 0.187308 0.736647 0.175615 0.736647
0 0.155009 0.523892 0.167469 0.523892 0.167469 0.726407 0.155009 0.726407
0 0.142549 0.525629 0.154242 0.525629 0.154242 0.727246 0.142549 0.727246
0 0.127291 0.523054 0.139929 0.523054 0.139929 0.726347 0.127291 0.726347
0 0.112282 0.524731 0.125758 0.524731 0.125758 0.726407 0.112282 0.726407
0 0.097790 0.521317 0.111016 0.521317 0.111016 0.726407 0.097790 0.726407
0 0.083797 0.523054 0.097023 0.523054 0.097023 0.726407 0.083797 0.726407
0 0.070053 0.523054 0.083280 0.523054 0.083280 0.724671 0.070053 0.724671
0 0.957184 0.283234 0.970553 0.283234 0.970553 0.486826 0.957184 0.486826
0 0.981070 0.283234 0.992834 0.283234 0.992834 0.486826 0.981070 0.486826
0 0.940071 0.334731 0.951480 0.334731 0.951480 0.485629 0.940071 0.485629
0 0.919412 0.332635 0.929822 0.332635 0.929822 0.489102 0.919412 0.489102
0 0.909501 0.333473 0.918414 0.333473 0.918414 0.487425 0.909501 0.487425
0 0.904046 0.331796 0.908752 0.331796 0.908752 0.488263 0.904046 0.488263
0 0.895882 0.333473 0.903066 0.333473 0.903066 0.487425 0.895882 0.487425
0 0.884973 0.331796 0.895383 0.331796 0.895383 0.488263 0.884973 0.488263
0 0.863922 0.333473 0.873084 0.333473 0.873084 0.489102 0.863922 0.489102
0 0.980250 0.763713 0.993512 0.763713 0.993512 0.967784 0.980250 0.967784
0 0.965829 0.762934 0.978431 0.762934 0.978431 0.966168 0.965829 0.966168
0 0.829661 0.763713 0.837807 0.763713 0.837807 0.966168 0.829661 0.966168
0 0.817807 0.764491 0.827576 0.764491 0.827576 0.967006 0.817807 0.967006
0 0.802674 0.763713 0.816631 0.763713 0.816631 0.967006 0.802674 0.967006
0 0.938824 0.765269 0.949537 0.765269 0.949537 0.967006 0.938824 0.967006
0 0.926720 0.764491 0.936025 0.764491 0.936025 0.966168 0.926720 0.966168
0 0.911586 0.763713 0.924866 0.763713 0.924866 0.966168 0.911586 0.966168
0 0.897398 0.762934 0.910660 0.762934 0.910660 0.965389 0.897398 0.965389
0 0.876453 0.766048 0.889251 0.766048 0.889251 0.967006 0.876453 0.967006
0 0.865740 0.766048 0.874581 0.766048 0.874581 0.965389 0.865740 0.965389
0 0.851783 0.766826 0.863654 0.766826 0.863654 0.967006 0.851783 0.967006
0 0.841301 0.765269 0.850374 0.765269 0.850374 0.965389 0.841301 0.965389
