0 0.682876 0.665539 0.714181 0.665539 0.714181 0.790931 0.682876 0.790931
0 0.719398 0.625784 0.743395 0.625784 0.743395 0.787843 0.719398 0.787843
0 0.748612 0.662451 0.784080 0.662451 0.784080 0.845980 0.748612 0.845980
0 0.045385 0.564608 0.103846 0.564608 0.103846 0.760343 0.045385 0.760343
0 0.848378 0.674657 0.885385 0.674657 0.885385 0.854559 0.848378 0.854559
0 0.894398 0.679951 0.919398 0.679951 0.919398 0.812206 0.894398 0.812206
0 0.549331 0.546225 0.587943 0.546225 0.587943 0.787843 0.549331 0.787843
0 0.819147 0.674510 0.843478 0.674510 0.843478 0.803137 0.819147 0.803137
0 0.121555 0.387206 0.140334 0.387206 0.140334 0.763382 0.121555 0.763382
0 0.158077 0.570735 0.218579 0.570735 0.218579 0.849020 0.158077 0.849020
0 0.238411 0.579902 0.275970 0.579902 0.275970 0.772598 0.238411 0.772598
0 0.292659 0.491176 0.310401 0.491176 0.310401 0.775637 0.292659 0.775637
0 0.330217 0.595196 0.375084 0.595196 0.375084 0.784804 0.330217 0.784804
0 0.398043 0.592108 0.443946 0.592108 0.443946 0.787843 0.398043 0.787843
0 0.601505 0.671667 0.634883 0.671667 0.634883 0.787843 0.601505 0.787843
0 0.642191 0.665539 0.671405 0.665539 0.671405 0.793971 0.642191 0.793971
