0 0.100810 0.277379 0.105330 0.277379 0.105330 0.302087 0.100810 0.302087
0 0.109095 0.132408 0.115195 0.132408 0.115195 0.163262 0.109095 0.163262
0 0.105290 0.133097 0.110045 0.133097 0.110045 0.164631 0.105290 0.164631
0 0.098584 0.135155 0.105290 0.135155 0.105290 0.166000 0.098584 0.166000
0 0.092190 0.136524 0.098262 0.136524 0.098262 0.167369 0.092190 0.167369
0 0.108805 0.080311 0.114557 0.080311 0.114557 0.115272 0.108805 0.115272
0 0.103054 0.083738 0.109095 0.083738 0.109095 0.116641 0.103054 0.116641
0 0.096982 0.085796 0.102733 0.085796 0.102733 0.117330 0.096982 0.117330
0 0.090882 0.087165 0.097303 0.087165 0.097303 0.118699 0.090882 0.118699
0 0.092262 0.315913 0.096412 0.315913 0.096412 0.339563 0.092262 0.339563
0 0.121122 0.276573 0.125520 0.276573 0.125520 0.303553 0.121122 0.303553
0 0.116914 0.276981 0.121063 0.276981 0.121063 0.302757 0.116914 0.302757
0 0.112394 0.276845 0.116729 0.276845 0.116729 0.302359 0.112394 0.302359
0 0.107995 0.276981 0.112145 0.276981 0.112145 0.302757 0.107995 0.302757
0 0.105765 0.276981 0.107810 0.276981 0.107810 0.302359 0.105765 0.302359
0 0.096412 0.277641 0.100561 0.277641 0.100561 0.301961 0.096412 0.301961
0 0.091457 0.277505 0.096041 0.277505 0.096041 0.301825 0.091457 0.301825
0 0.849543 0.166660 0.852615 0.166660 0.852615 0.177631 0.849543 0.177631
0 0.837462 0.169864 0.843118 0.169864 0.843118 0.177922 0.837462 0.177922
0 0.833122 0.166874 0.836059 0.166874 0.836059 0.177825 0.833122 0.177825
0 0.844525 0.124670 0.857597 0.124670 0.857597 0.159922 0.844525 0.159922
0 0.829339 0.125204 0.841538 0.125204 0.841538 0.159388 0.829339 0.159388
0 0.122611 0.317369 0.126882 0.317369 0.126882 0.342485 0.122611 0.342485
0 0.118276 0.317243 0.122054 0.317243 0.122054 0.342359 0.118276 0.342359
0 0.114312 0.316971 0.117407 0.316971 0.117407 0.341427 0.114312 0.341427
0 0.109977 0.317107 0.113814 0.317107 0.113814 0.341029 0.109977 0.341029
0 0.105765 0.316447 0.109665 0.316447 0.109665 0.341029 0.105765 0.341029
0 0.100932 0.315777 0.105208 0.315777 0.105208 0.340893 0.100932 0.340893
0 0.096475 0.315913 0.100747 0.315913 0.100747 0.340631 0.096475 0.340631
0 0.121991 0.237243 0.126018 0.237243 0.126018 0.263825 0.121991 0.263825
0 0.118335 0.237515 0.121869 0.237515 0.121869 0.263951 0.118335 0.263951
0 0.114434 0.237777 0.118213 0.237777 0.118213 0.264223 0.114434 0.264223
0 0.112579 0.238175 0.114434 0.238175 0.114434 0.263291 0.112579 0.263291
0 0.108615 0.238437 0.112579 0.238437 0.112579 0.263553 0.108615 0.263553
0 0.104588 0.238175 0.108489 0.238175 0.108489 0.263689 0.104588 0.263689
0 0.100439 0.238437 0.104281 0.238437 0.104281 0.264087 0.100439 0.264087
0 0.096783 0.238835 0.100376 0.238835 0.100376 0.263825 0.096783 0.263825
0 0.093009 0.239369 0.096724 0.239369 0.096724 0.263951 0.093009 0.263951
0 0.089231 0.240437 0.093195 0.240437 0.093195 0.264350 0.089231 0.264350
