0 0.392533 0.619226 0.421933 0.619226 0.421933 0.670298 0.392533 0.670298
0 0.605133 0.501548 0.623067 0.501548 0.623067 0.536607 0.605133 0.536607
0 0.485467 0.503036 0.502567 0.503036 0.502567 0.539702 0.485467 0.539702
0 0.574367 0.504583 0.594000 0.504583 0.594000 0.535119 0.574367 0.535119
0 0.454700 0.503036 0.470100 0.503036 0.470100 0.539702 0.454700 0.539702
0 0.544433 0.504583 0.562400 0.504583 0.562400 0.536607 0.544433 0.536607
0 0.515400 0.504583 0.531633 0.504583 0.531633 0.538155 0.515400 0.538155
0 0.661900 0.748333 0.687300 0.748333 0.687300 0.810774 0.661900 0.810774
0 0.632500 0.748333 0.660300 0.748333 0.660300 0.809345 0.632500 0.809345
0 0.602300 0.748333 0.630100 0.748333 0.630100 0.809345 0.602300 0.809345
0 0.574500 0.748333 0.600700 0.748333 0.600700 0.809345 0.574500 0.809345
0 0.168305 0.292441 0.245054 0.268275 0.261829 0.438154 0.185079 0.462320
0 0.248292 0.270996 0.323773 0.251092 0.337875 0.421623 0.262394 0.441527
0 0.330821 0.247490 0.411813 0.237122 0.418779 0.410665 0.337787 0.421032
0 0.419667 0.234405 0.495733 0.234405 0.495733 0.406905 0.419667 0.406905
0 0.495667 0.234405 0.575333 0.234405 0.575333 0.406905 0.495667 0.406905
0 0.574445 0.233145 0.654691 0.238400 0.651122 0.412212 0.570876 0.406957
0 0.659902 0.247362 0.738248 0.257881 0.731065 0.428471 0.652719 0.417952
0 0.765012 0.273259 0.830876 0.291677 0.815921 0.462217 0.750057 0.443799
0 0.386333 0.501548 0.409333 0.501548 0.409333 0.538095 0.386333 0.538095
0 0.423067 0.506131 0.441867 0.506131 0.441867 0.538155 0.423067 0.538155
0 0.531567 0.746905 0.559400 0.746905 0.559400 0.809345 0.531567 0.809345
0 0.502167 0.748333 0.530000 0.748333 0.530000 0.807917 0.502167 0.807917
0 0.473567 0.749762 0.500600 0.749762 0.500600 0.807738 0.473567 0.807738
0 0.459267 0.749762 0.471967 0.749762 0.471967 0.807917 0.459267 0.807917
0 0.433833 0.749762 0.457667 0.749762 0.457667 0.807917 0.433833 0.807917
0 0.393333 0.751190 0.419533 0.751190 0.419533 0.812202 0.393333 0.812202
0 0.363133 0.752560 0.392533 0.752560 0.392533 0.810774 0.363133 0.810774
0 0.332933 0.752560 0.361533 0.752560 0.361533 0.812202 0.332933 0.812202
0 0.305133 0.752560 0.330533 0.752560 0.330533 0.812202 0.305133 0.812202
0 0.577667 0.624881 0.603100 0.624881 0.603100 0.677381 0.577667 0.677381
0 0.537933 0.623452 0.561767 0.623452 0.561767 0.675952 0.537933 0.675952
0 0.513300 0.624881 0.537133 0.624881 0.537133 0.670298 0.513300 0.670298
0 0.475167 0.619226 0.504667 0.619226 0.504667 0.670298 0.475167 0.670298
0 0.448133 0.619226 0.474367 0.619226 0.474367 0.670298 0.448133 0.670298
0 0.421933 0.619226 0.447367 0.619226 0.447367 0.670298 0.421933 0.670298
