0 0.867329 0.603289 0.895104 0.603289 0.895104 0.762632 0.867329 0.762632
0 0.898724 0.601908 0.918353 0.601908 0.918353 0.769342 0.898724 0.769342
0 0.848086 0.000000 0.922997 0.000000 0.922997 0.538421 0.848086 0.538421
0 0.079763 0.602237 0.090163 0.602237 0.090163 0.765197 0.079763 0.765197
0 0.093976 0.603816 0.127611 0.603816 0.127611 0.769803 0.093976 0.769803
0 0.130371 0.605329 0.160193 0.605329 0.160193 0.763684 0.130371 0.763684
0 0.164006 0.605329 0.171291 0.605329 0.171291 0.766776 0.164006 0.766776
0 0.174407 0.600724 0.206380 0.600724 0.206380 0.766776 0.174407 0.766776
0 0.207344 0.600724 0.240623 0.600724 0.240623 0.766776 0.207344 0.766776
0 0.293249 0.598026 0.323902 0.598026 0.323902 0.772566 0.293249 0.772566
0 0.339525 0.594013 0.365074 0.594013 0.365074 0.768553 0.339525 0.768553
0 0.328101 0.596645 0.336217 0.596645 0.336217 0.768553 0.328101 0.768553
0 0.367478 0.596645 0.376499 0.596645 0.376499 0.765921 0.367478 0.765921
0 0.380401 0.591316 0.415267 0.591316 0.415267 0.764605 0.380401 0.764605
0 0.419169 0.594013 0.442018 0.594013 0.442018 0.765921 0.419169 0.765921
0 0.680920 0.605132 0.708576 0.605132 0.708576 0.772829 0.680920 0.772829
0 0.783012 0.010263 0.846855 0.010263 0.846855 0.538421 0.783012 0.538421
0 0.665134 0.010263 0.773190 0.010263 0.773190 0.543882 0.665134 0.543882
0 0.641810 0.048355 0.660223 0.048355 0.660223 0.538421 0.641810 0.538421
0 0.574273 0.048355 0.629525 0.048355 0.629525 0.554737 0.574273 0.554737
0 0.489540 0.032039 0.559540 0.032039 0.559540 0.549276 0.489540 0.549276
0 0.338516 0.053816 0.428145 0.053816 0.428145 0.538421 0.338516 0.538421
0 0.278353 0.086513 0.324184 0.086513 0.324184 0.549276 0.278353 0.549276
0 0.186261 0.075592 0.268531 0.075592 0.268531 0.549276 0.186261 0.549276
0 0.076973 0.102829 0.181350 0.102829 0.181350 0.565658 0.076973 0.565658
0 0.256944 0.597829 0.291988 0.597829 0.291988 0.776776 0.256944 0.776776
0 0.708576 0.605132 0.736795 0.605132 0.736795 0.777829 0.708576 0.777829
0 0.740742 0.610132 0.758798 0.610132 0.758798 0.772829 0.740742 0.772829
0 0.766469 0.607303 0.795757 0.607303 0.795757 0.767961 0.766469 0.767961
0 0.812062 0.610000 0.831395 0.610000 0.831395 0.763947 0.812062 0.763947
0 0.837730 0.605921 0.866113 0.605921 0.866113 0.766645 0.837730 0.766645
