0 0.376380 0.655568 0.407998 0.604053 0.426809 0.634700 0.395190 0.686215
0 0.336104 0.601748 0.386186 0.554638 0.398132 0.588350 0.348050 0.635459
0 0.025374 0.517390 0.039057 0.517390 0.039057 0.557463 0.025374 0.557463
0 0.039746 0.519366 0.051347 0.519366 0.051347 0.558024 0.039746 0.558024
0 0.052395 0.521341 0.066422 0.521341 0.066422 0.559707 0.052395 0.559707
0 0.068847 0.523024 0.082186 0.523024 0.082186 0.560000 0.068847 0.560000
0 0.594251 0.403244 0.609850 0.403244 0.609850 0.419122 0.594251 0.419122
0 0.616198 0.400049 0.625898 0.400049 0.625898 0.422317 0.616198 0.422317
0 0.631856 0.398171 0.645030 0.398171 0.645030 0.428171 0.631856 0.428171
0 0.568069 0.679731 0.633789 0.651040 0.646707 0.729586 0.580986 0.758277
0 0.649072 0.396220 0.662844 0.396220 0.662844 0.434024 0.649072 0.434024
0 0.667485 0.394024 0.679311 0.394024 0.679311 0.432561 0.667485 0.432561
0 0.682455 0.392073 0.696677 0.392073 0.696677 0.432561 0.682455 0.432561
0 0.542066 0.675122 0.579192 0.675122 0.579192 0.736439 0.542066 0.736439
0 0.505971 0.663548 0.544016 0.680157 0.532427 0.750622 0.494383 0.734014
0 0.464598 0.655110 0.504146 0.672376 0.493351 0.738011 0.453803 0.720746
0 0.440764 0.639688 0.468353 0.665639 0.446541 0.727190 0.418953 0.701239
0 0.425349 0.624577 0.440888 0.649895 0.398483 0.718984 0.382944 0.693666
0 0.360798 0.623153 0.398888 0.587324 0.409591 0.617529 0.371502 0.653359
