0 0.472687 0.297789 0.484834 0.297789 0.484834 0.326518 0.472687 0.326518
0 0.642940 0.581814 0.667168 0.589549 0.662476 0.610414 0.638247 0.602679
0 0.649217 0.561895 0.673312 0.569587 0.668913 0.589145 0.644819 0.581453
0 0.651620 0.541815 0.676731 0.541815 0.676731 0.562673 0.651620 0.562673
0 0.653767 0.520495 0.679224 0.520495 0.679224 0.541353 0.653767 0.541353
0 0.453657 0.702475 0.475139 0.702475 0.475139 0.733317 0.453657 0.733317
0 0.477922 0.705825 0.500997 0.705825 0.500997 0.735677 0.477922 0.735677
0 0.501787 0.704406 0.524474 0.704406 0.524474 0.735215 0.501787 0.735215
0 0.326805 0.433695 0.351890 0.441704 0.346505 0.465644 0.321421 0.457636
0 0.316330 0.463366 0.342992 0.463366 0.342992 0.488201 0.316330 0.488201
0 0.308864 0.489769 0.340429 0.489769 0.340429 0.502426 0.308864 0.502426
0 0.314197 0.503960 0.340277 0.503960 0.340277 0.530627 0.314197 0.530627
0 0.314282 0.540930 0.338925 0.533063 0.344388 0.557354 0.319745 0.565221
0 0.313447 0.570818 0.345007 0.560743 0.350334 0.584429 0.318774 0.594504
0 0.324227 0.601198 0.348972 0.584176 0.359499 0.605898 0.334753 0.622920
0 0.610251 0.369501 0.633557 0.362061 0.638253 0.382941 0.614947 0.390381
0 0.588593 0.326422 0.602099 0.335713 0.589828 0.361036 0.576322 0.351746
0 0.572488 0.314932 0.587194 0.325047 0.575268 0.349656 0.560563 0.339540
0 0.549154 0.306164 0.568232 0.312254 0.562120 0.339431 0.543042 0.333340
0 0.530449 0.299637 0.546544 0.304775 0.540091 0.333466 0.523997 0.328328
0 0.509335 0.298482 0.524820 0.298482 0.524820 0.327442 0.509335 0.327442
0 0.489543 0.297327 0.505803 0.297327 0.505803 0.326518 0.489543 0.326518
0 0.444506 0.306766 0.464280 0.300453 0.470535 0.328267 0.450762 0.334580
0 0.422406 0.314044 0.443036 0.307459 0.449671 0.336962 0.429042 0.343548
0 0.402367 0.327428 0.418692 0.316198 0.431912 0.343480 0.415588 0.354709
0 0.387730 0.340422 0.401716 0.330801 0.414541 0.357268 0.400556 0.366888
