0 0.737335 0.384700 0.745607 0.384700 0.745607 0.472900 0.737335 0.472900
0 0.689338 0.577000 0.700588 0.577000 0.700588 0.701600 0.689338 0.701600
0 0.726085 0.386500 0.737004 0.386500 0.737004 0.474700 0.726085 0.474700
0 0.716801 0.368500 0.725423 0.368500 0.725423 0.474700 0.716801 0.474700
0 0.704559 0.386500 0.716801 0.386500 0.716801 0.476500 0.704559 0.476500
0 0.760551 0.639100 0.767629 0.639100 0.767629 0.829600 0.760551 0.829600
0 0.747794 0.717200 0.758805 0.717200 0.758805 0.846700 0.747794 0.846700
0 0.736379 0.732200 0.746195 0.732200 0.746195 0.856300 0.736379 0.856300
0 0.731048 0.708700 0.735570 0.708700 0.735570 0.863800 0.731048 0.863800
0 0.658385 0.498139 0.683989 0.535461 0.666395 0.892661 0.640791 0.855339
0 0.680877 0.590170 0.691442 0.605569 0.685942 0.717230 0.675378 0.701831
0 0.721636 0.719400 0.729890 0.719400 0.729890 0.872400 0.721636 0.872400
0 0.712132 0.747200 0.720827 0.747200 0.720827 0.883100 0.712132 0.883100
0 0.690993 0.361300 0.703566 0.361300 0.703566 0.476500 0.690993 0.476500
0 0.705680 0.765824 0.714043 0.778015 0.708125 0.898176 0.699762 0.885985
0 0.682384 0.676782 0.707579 0.713509 0.695723 0.954218 0.670527 0.917491
0 0.767004 0.484801 0.780748 0.504834 0.774834 0.624899 0.761091 0.604866
0 0.757458 0.428067 0.767916 0.443312 0.757892 0.646833 0.747433 0.631588
0 0.736342 0.525100 0.747592 0.525100 0.747592 0.651200 0.736342 0.651200
0 0.723107 0.539500 0.735680 0.539500 0.735680 0.664000 0.723107 0.664000
0 0.713162 0.552100 0.723107 0.552100 0.723107 0.672800 0.713162 0.672800
0 0.700919 0.575500 0.712831 0.575500 0.712831 0.690800 0.700919 0.690800
0 0.745938 0.381100 0.757518 0.381100 0.757518 0.490900 0.745938 0.490900
