0 0.754157 0.350262 0.797455 0.388209 0.735950 0.428656 0.692653 0.390709
0 0.729290 0.618575 0.758387 0.591296 0.803345 0.618935 0.774247 0.646214
0 0.773662 0.564992 0.824946 0.588479 0.805424 0.613048 0.754140 0.589562
0 0.778270 0.549387 0.834110 0.563736 0.826112 0.581675 0.770272 0.567326
0 0.274144 0.633597 0.318953 0.605852 0.346205 0.631220 0.301396 0.658964
0 0.691000 0.325172 0.741174 0.345255 0.705882 0.396073 0.655708 0.375990
0 0.617686 0.307587 0.675794 0.321665 0.652771 0.376434 0.594663 0.362355
0 0.519032 0.306837 0.594597 0.306837 0.594597 0.362776 0.519032 0.362776
0 0.469875 0.316041 0.509351 0.312627 0.517275 0.365428 0.477799 0.368843
0 0.383368 0.340437 0.451042 0.316370 0.482869 0.367951 0.415194 0.392018
0 0.337137 0.358420 0.402033 0.397750 0.356868 0.440702 0.291973 0.401372
0 0.273037 0.415606 0.350488 0.437824 0.330458 0.478068 0.253007 0.455849
0 0.702940 0.639020 0.731737 0.618775 0.771791 0.651613 0.742994 0.671858
0 0.663537 0.659191 0.705169 0.637225 0.738828 0.673992 0.697197 0.695959
0 0.621636 0.671484 0.670367 0.659535 0.688445 0.702026 0.639714 0.713976
0 0.564546 0.677307 0.621308 0.665841 0.639459 0.717631 0.582698 0.729097
0 0.525430 0.686327 0.576452 0.686327 0.576452 0.731082 0.525430 0.731082
0 0.452957 0.683673 0.507285 0.683673 0.507285 0.731082 0.452957 0.731082
0 0.423658 0.657019 0.458821 0.672619 0.420669 0.722185 0.385507 0.706585
0 0.378339 0.651485 0.410981 0.668644 0.376366 0.706597 0.343723 0.689437
0 0.339633 0.627039 0.379901 0.653056 0.342007 0.686859 0.301739 0.660842
