0 0.491590 0.400353 0.519040 0.382412 0.559207 0.576341 0.531757 0.594282
0 0.097700 0.389197 0.128088 0.369229 0.144364 0.447386 0.113976 0.467354
0 0.073307 0.415275 0.104065 0.393532 0.120141 0.465294 0.089383 0.487038
0 0.042388 0.441498 0.072016 0.418831 0.088308 0.486030 0.058680 0.508697
0 0.002615 0.472083 0.039451 0.444173 0.055384 0.510528 0.018548 0.538438
0 0.124459 0.372961 0.153568 0.354548 0.168536 0.429220 0.139427 0.447632
0 0.154093 0.353709 0.187172 0.327792 0.203796 0.394750 0.170717 0.420666
0 0.185775 0.320402 0.212428 0.300207 0.229486 0.371251 0.202834 0.391445
0 0.404581 0.427039 0.424987 0.413702 0.436021 0.466975 0.415615 0.480312
0 0.427574 0.396857 0.441832 0.388333 0.452129 0.442685 0.437871 0.451208
0 0.330725 0.623032 0.362157 0.603588 0.401292 0.803218 0.369860 0.822662
0 0.360469 0.584195 0.385204 0.569664 0.423737 0.776639 0.399003 0.791169
0 0.383914 0.556348 0.418043 0.535118 0.457751 0.736540 0.423622 0.757771
0 0.414588 0.511803 0.444826 0.492570 0.485663 0.695169 0.455424 0.714402
0 0.444317 0.477376 0.471532 0.460161 0.511031 0.657208 0.483815 0.674423
0 0.467376 0.439033 0.493311 0.421900 0.533945 0.615995 0.508011 0.633128
