0 0.750230 0.595253 0.760115 0.595253 0.760115 0.627296 0.750230 0.627296
0 0.943443 0.924942 0.953385 0.924942 0.953385 0.959611 0.943443 0.959611
0 0.934180 0.925311 0.940074 0.925311 0.940074 0.959183 0.934180 0.959183
0 0.916984 0.925311 0.926287 0.925311 0.926287 0.959572 0.916984 0.959572
0 0.905762 0.925700 0.915861 0.925700 0.915861 0.959572 0.905762 0.959572
0 0.940246 0.881576 0.950016 0.881576 0.950016 0.906284 0.940246 0.906284
0 0.930779 0.880778 0.939434 0.880778 0.939434 0.907432 0.930779 0.907432
0 0.919869 0.881576 0.929975 0.881576 0.929975 0.908191 0.919869 0.908191
0 0.916180 0.872802 0.918910 0.872802 0.918910 0.907432 0.916180 0.907432
0 0.906246 0.881167 0.915385 0.881167 0.915385 0.907432 0.906246 0.907432
0 0.971057 0.828424 0.979754 0.828424 0.979754 0.855058 0.971057 0.855058
0 0.961049 0.828424 0.970123 0.828424 0.970123 0.855058 0.961049 0.855058
0 0.949828 0.829086 0.959836 0.829086 0.959836 0.854611 0.949828 0.854611
0 0.946172 0.819027 0.948689 0.819027 0.948689 0.854086 0.946172 0.854086
0 0.935738 0.826712 0.944730 0.826712 0.944730 0.854027 0.935738 0.854027
0 0.925672 0.828424 0.935377 0.828424 0.935377 0.854027 0.925672 0.854027
0 0.918475 0.828424 0.924951 0.828424 0.924951 0.854027 0.918475 0.854027
0 0.906246 0.818171 0.917393 0.818171 0.917393 0.854027 0.906246 0.854027
0 0.870115 0.593696 0.879008 0.593696 0.879008 0.627237 0.870115 0.627237
0 0.861221 0.593696 0.867803 0.593696 0.867803 0.628093 0.861221 0.628093
0 0.855623 0.601518 0.858918 0.601518 0.858918 0.627296 0.855623 0.627296
0 0.845082 0.594475 0.853975 0.594475 0.853975 0.627296 0.845082 0.627296
0 0.836852 0.594475 0.843107 0.594475 0.843107 0.628093 0.836852 0.628093
0 0.813139 0.593696 0.825320 0.593696 0.825320 0.627296 0.813139 0.627296
0 0.800623 0.594475 0.811820 0.594475 0.811820 0.627237 0.800623 0.627237
0 0.788107 0.594475 0.800000 0.594475 0.800000 0.628093 0.788107 0.628093
0 0.774607 0.594475 0.783828 0.594475 0.783828 0.627296 0.774607 0.627296
0 0.764393 0.594475 0.773615 0.594475 0.773615 0.627296 0.764393 0.627296
0 0.740025 0.595253 0.749246 0.595253 0.749246 0.627296 0.740025 0.627296
0 0.045525 0.910642 0.055139 0.910642 0.055139 0.947899 0.045525 0.947899
0 0.028820 0.911848 0.039451 0.911848 0.039451 0.946693 0.028820 0.946693
0 0.018189 0.910642 0.028311 0.910642 0.028311 0.945486 0.018189 0.945486
0 0.046123 0.720914 0.055492 0.720914 0.055492 0.755097 0.046123 0.755097
0 0.029557 0.720914 0.039648 0.720914 0.039648 0.755953 0.029557 0.755953
0 0.018754 0.720914 0.028484 0.720914 0.028484 0.755953 0.018754 0.755953
0 0.046123 0.528580 0.055131 0.528580 0.055131 0.561926 0.046123 0.561926
0 0.029918 0.527724 0.039287 0.527724 0.039287 0.562782 0.029918 0.562782
0 0.019115 0.527724 0.028484 0.527724 0.028484 0.562782 0.019115 0.562782
0 0.643074 0.400661 0.654730 0.400661 0.654730 0.431265 0.643074 0.431265
0 0.632254 0.401634 0.642246 0.401634 0.642246 0.430292 0.632254 0.430292
0 0.615197 0.392743 0.630590 0.392743 0.630590 0.431265 0.615197 0.431265
0 0.547107 0.393560 0.560967 0.393560 0.560967 0.430856 0.547107 0.430856
0 0.536459 0.393949 0.547107 0.393949 0.547107 0.432062 0.536459 0.432062
0 0.463402 0.393891 0.477377 0.393891 0.477377 0.429903 0.463402 0.429903
0 0.454180 0.393191 0.460721 0.393191 0.460721 0.429903 0.454180 0.429903
0 0.385467 0.392607 0.398295 0.392607 0.398295 0.430603 0.385467 0.430603
0 0.372025 0.392977 0.384713 0.392977 0.384713 0.430603 0.372025 0.430603
0 0.358139 0.393327 0.371574 0.393327 0.371574 0.430603 0.358139 0.430603
0 0.290541 0.393463 0.305172 0.393463 0.305172 0.430973 0.290541 0.430973
0 0.278270 0.393463 0.288861 0.393463 0.288861 0.430973 0.278270 0.430973
0 0.207123 0.393463 0.221902 0.393463 0.221902 0.431751 0.207123 0.431751
0 0.196598 0.393054 0.203385 0.393054 0.203385 0.430545 0.196598 0.430545
0 0.124713 0.392529 0.138180 0.392529 0.138180 0.431712 0.124713 0.431712
0 0.112549 0.393560 0.123623 0.393560 0.123623 0.430681 0.112549 0.430681
0 0.041508 0.393054 0.054541 0.393054 0.054541 0.431712 0.041508 0.431712
0 0.030213 0.393054 0.037164 0.393054 0.037164 0.431712 0.030213 0.431712
0 0.287975 0.268949 0.293533 0.268949 0.293533 0.293638 0.287975 0.293638
0 0.277754 0.269805 0.287082 0.269805 0.287082 0.294494 0.277754 0.294494
0 0.263238 0.269805 0.276500 0.269805 0.276500 0.294494 0.263238 0.294494
0 0.259475 0.261712 0.261984 0.261712 0.261984 0.294903 0.259475 0.294903
0 0.249254 0.270661 0.258574 0.270661 0.258574 0.295759 0.249254 0.295759
0 0.245492 0.260875 0.248361 0.260875 0.248361 0.294066 0.245492 0.294066
0 0.236344 0.270661 0.244770 0.270661 0.244770 0.294066 0.236344 0.294066
0 0.227738 0.270661 0.235451 0.270661 0.235451 0.294066 0.227738 0.294066
0 0.223975 0.261712 0.226484 0.261712 0.226484 0.294903 0.223975 0.294903
0 0.210893 0.261712 0.222180 0.261712 0.222180 0.294494 0.210893 0.294494
0 0.183820 0.261751 0.194770 0.261751 0.194770 0.294572 0.183820 0.294572
0 0.172869 0.262198 0.183246 0.262198 0.183246 0.294125 0.172869 0.294125
0 0.161148 0.261751 0.171525 0.261751 0.171525 0.294572 0.161148 0.294572
0 0.148090 0.262198 0.160574 0.262198 0.160574 0.295039 0.148090 0.295039
0 0.130443 0.270467 0.143656 0.270467 0.143656 0.295019 0.130443 0.295019
0 0.121123 0.269844 0.128934 0.269844 0.128934 0.302160 0.121123 0.302160
0 0.107672 0.261868 0.117115 0.261868 0.117115 0.295311 0.107672 0.295311
0 0.099344 0.262237 0.105262 0.262237 0.105262 0.295700 0.099344 0.295700
0 0.083008 0.261868 0.092131 0.261868 0.092131 0.294942 0.083008 0.294942
0 0.066033 0.269844 0.074041 0.269844 0.074041 0.302918 0.066033 0.302918
0 0.062352 0.261109 0.065074 0.261109 0.065074 0.294942 0.062352 0.294942
0 0.052418 0.270233 0.061230 0.270233 0.061230 0.295311 0.052418 0.295311
0 0.043295 0.261868 0.050975 0.261868 0.050975 0.294553 0.043295 0.294553
0 0.028721 0.261479 0.037844 0.261479 0.037844 0.294163 0.028721 0.294163
0 0.018631 0.261868 0.027918 0.261868 0.027918 0.294942 0.018631 0.294942
0 0.243041 0.173677 0.254574 0.173677 0.254574 0.216848 0.243041 0.216848
0 0.230180 0.173677 0.241926 0.173677 0.241926 0.206304 0.230180 0.206304
0 0.216869 0.162101 0.228844 0.162101 0.228844 0.205778 0.216869 0.205778
0 0.204008 0.173152 0.216205 0.173152 0.216205 0.204728 0.204008 0.204728
0 0.196467 0.163677 0.203566 0.163677 0.203566 0.205253 0.196467 0.205253
0 0.139721 0.160817 0.158311 0.160817 0.158311 0.208152 0.139721 0.208152
0 0.125713 0.162743 0.137836 0.162743 0.137836 0.204942 0.125713 0.204942
0 0.112779 0.162743 0.125172 0.162743 0.125172 0.205584 0.112779 0.205584
0 0.093828 0.162276 0.105107 0.162276 0.105107 0.205525 0.093828 0.205525
0 0.065279 0.163074 0.077516 0.163074 0.077516 0.205078 0.065279 0.205078
0 0.052287 0.163074 0.064336 0.163074 0.064336 0.205078 0.052287 0.205078
0 0.032893 0.162626 0.044943 0.162626 0.044943 0.206809 0.032893 0.206809
0 0.949770 0.067257 0.962664 0.067257 0.962664 0.092763 0.949770 0.092763
0 0.939992 0.067257 0.949557 0.067257 0.949557 0.093268 0.939992 0.093268
0 0.936664 0.060117 0.939672 0.060117 0.939672 0.092257 0.936664 0.092257
0 0.932582 0.059611 0.935910 0.059611 0.935910 0.092257 0.932582 0.092257
0 0.922590 0.067763 0.932156 0.067763 0.932156 0.093268 0.922590 0.093268
0 0.911959 0.059864 0.921943 0.059864 0.921943 0.092763 0.911959 0.092763
0 0.188213 0.065214 0.203484 0.065214 0.203484 0.107704 0.188213 0.107704
0 0.171369 0.065214 0.186639 0.065214 0.186639 0.106440 0.171369 0.106440
0 0.155574 0.063949 0.170844 0.063949 0.170844 0.107704 0.155574 0.107704
0 0.118189 0.016459 0.141885 0.016459 0.141885 0.107704 0.118189 0.107704
0 0.090287 0.016459 0.113451 0.016459 0.113451 0.107704 0.090287 0.107704
0 0.048689 0.016459 0.072385 0.016459 0.072385 0.107704 0.048689 0.107704
0 0.020787 0.015214 0.044475 0.015214 0.044475 0.110195 0.020787 0.110195
