0 0.018653 0.979917 0.021922 0.979917 0.021922 0.994821 0.018653 0.994821
0 0.016857 0.980190 0.018082 0.980190 0.018082 0.996167 0.016857 0.996167
0 0.024537 0.977762 0.027888 0.977762 0.027888 0.994000 0.024537 0.994000
0 0.028624 0.977488 0.032137 0.977488 0.032137 0.992917 0.028624 0.992917
0 0.032543 0.976405 0.035894 0.976405 0.035894 0.993464 0.032543 0.993464
0 0.511358 0.163657 0.513978 0.161331 0.517115 0.200140 0.514496 0.202467
0 0.515180 0.159189 0.521120 0.153914 0.524303 0.193287 0.518363 0.198562
0 0.524618 0.151800 0.531793 0.145428 0.534879 0.183593 0.527704 0.189965
0 0.532946 0.145058 0.534851 0.143367 0.537898 0.181061 0.535993 0.182752
0 0.007295 0.980190 0.010244 0.980190 0.010244 0.996690 0.007295 0.996690
0 0.028840 0.907143 0.037938 0.907143 0.037938 0.967452 0.028840 0.967452
0 0.014077 0.921976 0.027647 0.921976 0.027647 0.971405 0.014077 0.971405
0 0.000654 0.924940 0.013779 0.924940 0.013779 0.973381 0.000654 0.973381
0 0.011056 0.980738 0.016365 0.980738 0.016365 0.996714 0.011056 0.996714
0 0.865454 0.660203 0.869610 0.668156 0.864675 0.696487 0.860519 0.688535
0 0.860698 0.649420 0.865134 0.657908 0.860502 0.684497 0.856066 0.676009
0 0.859520 0.641823 0.861476 0.648305 0.855035 0.669653 0.853079 0.663171
0 0.902887 0.643324 0.907718 0.634080 0.912490 0.661473 0.907659 0.670717
0 0.898762 0.655764 0.902887 0.647871 0.907998 0.677213 0.903873 0.685105
0 0.895878 0.664851 0.898366 0.660089 0.903045 0.686946 0.900556 0.691708
0 0.893386 0.669679 0.897036 0.666437 0.899430 0.696048 0.895780 0.699289
0 0.887681 0.675609 0.893232 0.670679 0.895803 0.702474 0.890252 0.707404
0 0.883675 0.677476 0.888524 0.677476 0.888524 0.710810 0.883675 0.710810
0 0.878779 0.674970 0.883838 0.679462 0.881264 0.711292 0.876206 0.706800
0 0.873046 0.672184 0.878080 0.676654 0.875614 0.707162 0.870580 0.702691
0 0.909905 0.487117 0.914052 0.500864 0.907858 0.521395 0.903710 0.507648
0 0.906492 0.473684 0.909278 0.482919 0.902994 0.503745 0.900208 0.494510
0 0.901545 0.460869 0.904960 0.467405 0.900201 0.494726 0.896785 0.488190
0 0.896392 0.451654 0.900594 0.459696 0.895803 0.487203 0.891600 0.479161
0 0.889082 0.445323 0.894071 0.449754 0.891658 0.479594 0.886669 0.475163
0 0.879239 0.443690 0.884483 0.443690 0.884483 0.474524 0.879239 0.474524
0 0.871767 0.444560 0.878473 0.444560 0.878473 0.480000 0.871767 0.480000
0 0.867492 0.454507 0.869349 0.452859 0.871606 0.480779 0.869750 0.482427
0 0.861229 0.461811 0.866905 0.456770 0.869547 0.489439 0.863870 0.494480
0 0.855142 0.479826 0.860016 0.470498 0.864618 0.496912 0.859743 0.506240
0 0.850882 0.492862 0.855433 0.484154 0.860760 0.514733 0.856209 0.523441
0 0.744679 0.657060 0.749800 0.647262 0.754559 0.674583 0.749439 0.684381
0 0.740004 0.670091 0.744717 0.661073 0.750049 0.691683 0.745337 0.700701
0 0.736687 0.679377 0.739440 0.674109 0.744438 0.702801 0.741685 0.708069
0 0.733657 0.683238 0.738011 0.679372 0.740664 0.712190 0.736310 0.716057
0 0.728933 0.687500 0.734124 0.687500 0.734124 0.723571 0.728933 0.723571
0 0.722647 0.692095 0.728197 0.692095 0.728197 0.726905 0.722647 0.726905
0 0.717490 0.689730 0.722875 0.694512 0.720082 0.729056 0.714697 0.724274
0 0.710698 0.686800 0.716509 0.691961 0.713839 0.724986 0.708028 0.719825
0 0.702100 0.674626 0.706941 0.683888 0.701642 0.714302 0.696802 0.705040
0 0.698412 0.662941 0.702656 0.677007 0.695392 0.701083 0.691148 0.687016
0 0.695419 0.656127 0.697156 0.661885 0.690105 0.685254 0.688368 0.679496
0 0.752261 0.491528 0.756874 0.506815 0.749635 0.530806 0.745023 0.515519
0 0.747797 0.479397 0.751310 0.491039 0.744541 0.513472 0.741028 0.501830
0 0.742738 0.466091 0.746235 0.472782 0.741069 0.502433 0.737573 0.495742
0 0.736791 0.455479 0.741688 0.464848 0.736413 0.495128 0.731516 0.485759
0 0.728990 0.449711 0.734511 0.454613 0.731803 0.488099 0.726283 0.483196
0 0.718107 0.448095 0.723851 0.448095 0.723851 0.482393 0.718107 0.482393
0 0.709544 0.449643 0.717672 0.449643 0.717672 0.487619 0.709544 0.487619
0 0.704412 0.458854 0.706914 0.456633 0.709557 0.489325 0.707055 0.491546
0 0.697373 0.468103 0.704128 0.462104 0.706948 0.496992 0.700193 0.502991
0 0.691017 0.487345 0.696442 0.476964 0.701562 0.506357 0.696137 0.516738
0 0.685408 0.500585 0.691178 0.489543 0.697168 0.523927 0.691397 0.534968
0 0.544795 0.304321 0.550579 0.299185 0.553484 0.335119 0.547700 0.340256
0 0.540210 0.309149 0.545473 0.304475 0.548378 0.340410 0.543115 0.345084
0 0.532987 0.314651 0.538910 0.309392 0.542009 0.347730 0.536087 0.352989
0 0.525848 0.321333 0.532152 0.315735 0.535255 0.354119 0.528951 0.359717
0 0.548329 0.208857 0.554473 0.203400 0.557407 0.239691 0.551263 0.245148
0 0.541315 0.214821 0.547425 0.209395 0.550377 0.245905 0.544267 0.251331
0 0.538332 0.218535 0.540465 0.216641 0.543324 0.252000 0.541190 0.253895
0 0.531636 0.222639 0.537271 0.217635 0.540354 0.255766 0.534719 0.260770
0 0.525231 0.228696 0.530862 0.223696 0.533889 0.261137 0.528258 0.266138
0 0.518072 0.235663 0.524137 0.230277 0.527057 0.266396 0.520992 0.271782
0 0.512539 0.240229 0.518385 0.235038 0.521344 0.271628 0.515497 0.276820
0 0.536035 0.141848 0.541993 0.136558 0.544995 0.173700 0.539038 0.178990
