0 0.205683 0.535958 0.265050 0.535958 0.265050 0.608808 0.205683 0.608808
0 0.252172 0.507114 0.309943 0.491634 0.334869 0.584661 0.277099 0.600141
0 0.315493 0.488542 0.359113 0.476854 0.381865 0.561767 0.338246 0.573455
0 0.351726 0.486296 0.409231 0.470887 0.427840 0.540338 0.370335 0.555746
0 0.399667 0.467217 0.440954 0.443380 0.476708 0.505308 0.435421 0.529145
0 0.105709 0.439237 0.152452 0.451762 0.133216 0.523554 0.086473 0.511030
0 0.111758 0.657342 0.155267 0.657342 0.155267 0.729358 0.111758 0.729358
0 0.158267 0.654842 0.203283 0.654842 0.203283 0.726858 0.158267 0.726858
0 0.204283 0.653342 0.225250 0.653342 0.225250 0.725358 0.204283 0.725358
0 0.228283 0.652342 0.272300 0.652342 0.272300 0.723358 0.228283 0.723358
0 0.274800 0.649342 0.322808 0.649342 0.322808 0.720858 0.274800 0.720858
0 0.325808 0.647333 0.366817 0.647333 0.366817 0.717850 0.325808 0.717850
0 0.370317 0.644833 0.414333 0.644833 0.414333 0.715850 0.370317 0.715850
0 0.425400 0.705200 0.442992 0.705200 0.442992 0.714275 0.425400 0.714275
0 0.425058 0.694875 0.441967 0.694875 0.441967 0.703950 0.425058 0.703950
0 0.424617 0.684058 0.441500 0.684058 0.441500 0.693542 0.424617 0.693542
0 0.424358 0.674775 0.441200 0.674775 0.441200 0.684642 0.424358 0.684642
0 0.423400 0.664600 0.440600 0.664600 0.440600 0.674558 0.423400 0.674558
0 0.422883 0.653733 0.440083 0.653733 0.440083 0.663692 0.422883 0.663692
0 0.422233 0.641958 0.439442 0.641958 0.439442 0.652433 0.422233 0.652433
0 0.098075 0.791967 0.111317 0.791967 0.111317 0.818033 0.098075 0.818033
0 0.068917 0.827258 0.076075 0.827258 0.076075 0.838533 0.068917 0.838533
0 0.077650 0.827383 0.082750 0.827383 0.082750 0.838300 0.077650 0.838300
0 0.083358 0.827383 0.090642 0.827383 0.090642 0.838300 0.083358 0.838300
0 0.091733 0.827258 0.096708 0.827258 0.096708 0.838250 0.091733 0.838250
0 0.095975 0.827258 0.102083 0.827258 0.102083 0.838300 0.095975 0.838300
0 0.103258 0.827258 0.110175 0.827258 0.110175 0.838183 0.103258 0.838183
0 0.114908 0.827500 0.120375 0.827500 0.120375 0.838300 0.114908 0.838300
0 0.120858 0.827258 0.126442 0.827258 0.126442 0.838333 0.120858 0.838333
0 0.126683 0.827258 0.134208 0.827258 0.134208 0.838408 0.126683 0.838408
0 0.134567 0.827258 0.141125 0.827258 0.141125 0.838408 0.134567 0.838408
0 0.084092 0.840800 0.090508 0.840800 0.090508 0.851875 0.084092 0.851875
0 0.090592 0.840800 0.098342 0.840800 0.098342 0.851708 0.090592 0.851708
0 0.097508 0.840708 0.103425 0.840708 0.103425 0.851717 0.097508 0.851717
0 0.104425 0.840708 0.107008 0.840708 0.107008 0.851717 0.104425 0.851717
0 0.108758 0.840625 0.116092 0.840625 0.116092 0.851708 0.108758 0.851708
0 0.117508 0.840458 0.125425 0.840458 0.125425 0.851708 0.117508 0.851708
0 0.860467 0.841350 0.871142 0.841350 0.871142 0.856558 0.860467 0.856558
0 0.874075 0.841350 0.882883 0.841350 0.882883 0.856558 0.874075 0.856558
0 0.883950 0.841217 0.893550 0.841217 0.893550 0.856425 0.883950 0.856425
0 0.899958 0.842283 0.908225 0.842283 0.908225 0.856825 0.899958 0.856825
0 0.909292 0.842150 0.917700 0.842150 0.917700 0.856692 0.909292 0.856692
0 0.918633 0.841883 0.927033 0.841883 0.927033 0.856958 0.918633 0.856958
0 0.928633 0.845892 0.936775 0.845892 0.936775 0.860425 0.928633 0.860425
0 0.939042 0.842550 0.953583 0.842550 0.953583 0.856292 0.939042 0.856292
0 0.947342 0.691550 0.956883 0.691550 0.956883 0.696892 0.947342 0.696892
0 0.947567 0.686892 0.957108 0.686892 0.957108 0.691100 0.947567 0.691100
0 0.947342 0.681442 0.957108 0.681442 0.957108 0.686217 0.947342 0.686217
0 0.947342 0.676217 0.957225 0.676217 0.957225 0.681217 0.947342 0.681217
0 0.947567 0.673833 0.957108 0.673833 0.957108 0.675992 0.947567 0.675992
0 0.947458 0.667125 0.956883 0.667125 0.956883 0.673258 0.947458 0.673258
0 0.947117 0.661558 0.956883 0.661558 0.956883 0.666558 0.947117 0.666558
0 0.947342 0.653833 0.956658 0.653833 0.956658 0.659058 0.947342 0.659058
0 0.947458 0.647925 0.957108 0.647925 0.957108 0.653492 0.947458 0.653492
0 0.947225 0.642358 0.957108 0.642358 0.957108 0.647700 0.947225 0.647700
0 0.947117 0.636675 0.957000 0.636675 0.957000 0.641792 0.947117 0.641792
0 0.947342 0.631567 0.957000 0.631567 0.957000 0.636342 0.947342 0.636342
0 0.947225 0.626450 0.956775 0.626450 0.956775 0.631108 0.947225 0.631108
0 0.947458 0.621342 0.956775 0.621342 0.956775 0.626000 0.947458 0.626000
0 0.947225 0.618842 0.957000 0.618842 0.957000 0.621117 0.947225 0.621117
0 0.947225 0.613392 0.956775 0.613392 0.956775 0.618275 0.947225 0.618275
0 0.947225 0.606908 0.956775 0.606908 0.956775 0.612708 0.947225 0.612708
0 0.360268 0.400753 0.399283 0.390299 0.411957 0.437597 0.372942 0.448051
0 0.118642 0.299992 0.161617 0.299992 0.161617 0.332575 0.118642 0.332575
0 0.163033 0.299992 0.195583 0.299992 0.195583 0.328800 0.163033 0.328800
0 0.196092 0.297158 0.230092 0.297158 0.230092 0.330217 0.196092 0.330217
0 0.230092 0.295267 0.262683 0.295267 0.262683 0.328800 0.230092 0.328800
0 0.261267 0.289125 0.274017 0.289125 0.274017 0.321708 0.261267 0.321708
0 0.146167 0.454658 0.220200 0.454658 0.220200 0.522083 0.146167 0.522083
0 0.210576 0.447628 0.236190 0.440765 0.254490 0.509064 0.228877 0.515927
0 0.240315 0.452627 0.288129 0.439816 0.302001 0.491589 0.254188 0.504401
0 0.288853 0.432568 0.334719 0.420278 0.348863 0.473066 0.302998 0.485355
0 0.332992 0.405208 0.364996 0.396633 0.380375 0.454025 0.348370 0.462600
0 0.077517 0.523750 0.144033 0.523750 0.144033 0.610583 0.077517 0.610583
0 0.147225 0.542700 0.203433 0.542700 0.203433 0.612858 0.147225 0.612858
