0 0.682300 0.527691 0.728240 0.527691 0.728240 0.622384 0.682300 0.622384
0 0.923460 0.785487 0.927720 0.785487 0.927720 0.797091 0.923460 0.797091
0 0.927970 0.787031 0.932230 0.787031 0.932230 0.798261 0.927970 0.798261
0 0.933010 0.788201 0.937400 0.788201 0.937400 0.800000 0.933010 0.800000
0 0.937780 0.789355 0.943330 0.789355 0.943330 0.801934 0.937780 0.801934
0 0.945790 0.791679 0.950560 0.791679 0.950560 0.803868 0.945790 0.803868
0 0.950820 0.793223 0.954690 0.793223 0.954690 0.804453 0.950820 0.804453
0 0.954950 0.794393 0.958310 0.794393 0.958310 0.805037 0.954950 0.805037
0 0.127660 0.130750 0.185570 0.130750 0.185570 0.204453 0.127660 0.204453
0 0.205528 0.159244 0.249285 0.176822 0.237012 0.245494 0.193255 0.227916
0 0.246967 0.203624 0.273935 0.214458 0.266033 0.258670 0.239065 0.247836
0 0.277703 0.211669 0.295447 0.218797 0.286327 0.269830 0.268583 0.262702
0 0.299669 0.208143 0.330908 0.220692 0.319111 0.286699 0.287872 0.274150
0 0.330125 0.249736 0.355964 0.260116 0.348585 0.301403 0.322746 0.291023
0 0.362475 0.242461 0.374201 0.247172 0.363225 0.308588 0.351499 0.303878
0 0.373983 0.274012 0.401271 0.284974 0.394407 0.323379 0.367119 0.312417
0 0.420199 0.280567 0.440918 0.288890 0.430831 0.345325 0.410112 0.337002
0 0.439819 0.310234 0.462413 0.319310 0.455531 0.357817 0.432937 0.348741
0 0.464499 0.324407 0.479925 0.330603 0.473151 0.368502 0.457725 0.362305
0 0.480444 0.334237 0.501337 0.342630 0.494426 0.381296 0.473533 0.372903
0 0.512325 0.332892 0.547436 0.346997 0.537665 0.401665 0.502554 0.387560
0 0.538345 0.366688 0.559837 0.375321 0.553305 0.411873 0.531813 0.403239
0 0.560010 0.377846 0.581415 0.386445 0.574870 0.423069 0.553465 0.414470
0 0.876600 0.770195 0.882150 0.770195 0.882150 0.784138 0.876600 0.784138
0 0.937150 0.765862 0.940900 0.765862 0.940900 0.778456 0.937150 0.778456
0 0.941350 0.767061 0.943550 0.767061 0.943550 0.778306 0.941350 0.778306
0 0.943750 0.767211 0.947550 0.767211 0.947550 0.780390 0.943750 0.780390
0 0.947850 0.768711 0.952150 0.768711 0.952150 0.782204 0.947850 0.782204
0 0.952150 0.770210 0.956750 0.770210 0.956750 0.783253 0.952150 0.783253
0 0.845620 0.762264 0.851170 0.762264 0.851170 0.775817 0.845620 0.775817
0 0.855300 0.763808 0.861240 0.763808 0.861240 0.778321 0.855300 0.778321
0 0.861110 0.766717 0.866530 0.766717 0.866530 0.780270 0.861110 0.780270
0 0.867180 0.768456 0.872470 0.768456 0.872470 0.781814 0.867180 0.781814
0 0.871440 0.770000 0.876600 0.770000 0.876600 0.782969 0.871440 0.782969
0 0.118660 0.239280 0.227800 0.239280 0.227800 0.400000 0.118660 0.400000
0 0.237320 0.308171 0.266990 0.308171 0.266990 0.427256 0.237320 0.427256
0 0.272730 0.325397 0.353110 0.325397 0.353110 0.467421 0.272730 0.467421
0 0.356940 0.377046 0.437330 0.377046 0.437330 0.496117 0.356940 0.496117
0 0.437330 0.408606 0.494740 0.408606 0.494740 0.526252 0.437330 0.526252
0 0.498570 0.432999 0.552160 0.432999 0.552160 0.547766 0.498570 0.547766
0 0.572260 0.463118 0.634460 0.463118 0.634460 0.580765 0.572260 0.580765
0 0.633500 0.498996 0.684220 0.498996 0.684220 0.602294 0.633500 0.602294
0 0.920880 0.783358 0.923460 0.783358 0.923460 0.796327 0.920880 0.796327
0 0.722500 0.543463 0.759820 0.543463 0.759820 0.626687 0.722500 0.626687
0 0.762690 0.563553 0.803840 0.563553 0.803840 0.648201 0.762690 0.648201
0 0.799050 0.583643 0.843070 0.583643 0.843070 0.665412 0.799050 0.665412
0 0.837330 0.599415 0.874650 0.599415 0.874650 0.674033 0.837330 0.674033
0 0.904020 0.754843 0.909200 0.754843 0.909200 0.767916 0.904020 0.767916
0 0.912270 0.756972 0.917690 0.756972 0.917690 0.770045 0.912270 0.770045
0 0.917920 0.759085 0.923110 0.759085 0.923110 0.772159 0.917920 0.772159
0 0.923350 0.760855 0.928530 0.760855 0.928530 0.773928 0.923350 0.773928
0 0.929350 0.762714 0.934350 0.762714 0.934350 0.775457 0.929350 0.775457
0 0.934250 0.764363 0.936450 0.764363 0.936450 0.777106 0.934250 0.777106
0 0.882670 0.772324 0.887190 0.772324 0.887190 0.785682 0.882670 0.785682
0 0.887700 0.774843 0.889250 0.774843 0.889250 0.785487 0.887700 0.785487
0 0.890030 0.775037 0.894670 0.775037 0.894670 0.788006 0.890030 0.788006
0 0.894800 0.775232 0.897000 0.775232 0.897000 0.788201 0.894800 0.788201
0 0.897640 0.777361 0.901640 0.777361 0.901640 0.788591 0.897640 0.788591
0 0.902030 0.778906 0.906680 0.778906 0.906680 0.791094 0.902030 0.791094
0 0.907060 0.779880 0.911970 0.779880 0.911970 0.792459 0.907060 0.792459
0 0.912100 0.781034 0.916230 0.781034 0.916230 0.794963 0.912100 0.794963
0 0.916740 0.783553 0.921130 0.783553 0.921130 0.795742 0.916740 0.795742
