0 0.464214 0.231183 0.474902 0.231183 0.474902 0.279713 0.464214 0.279713
0 0.767667 0.937168 0.777569 0.937168 0.777569 0.968441 0.767667 0.968441
0 0.778080 0.936470 0.785446 0.936470 0.785446 0.967742 0.778080 0.967742
0 0.751153 0.921201 0.756488 0.921201 0.756488 0.967742 0.751153 0.967742
0 0.744037 0.937168 0.750138 0.937168 0.750138 0.968441 0.744037 0.968441
0 0.734384 0.935090 0.743277 0.935090 0.743277 0.967742 0.734384 0.967742
0 0.725242 0.934391 0.733624 0.934391 0.733624 0.968441 0.725242 0.968441
0 0.716350 0.935090 0.725242 0.935090 0.725242 0.968441 0.716350 0.968441
0 0.708984 0.936470 0.716094 0.936470 0.716094 0.967742 0.708984 0.967742
0 0.697045 0.923978 0.708218 0.923978 0.708218 0.967043 0.697045 0.967043
0 0.685098 0.920394 0.693794 0.920394 0.693794 0.967957 0.685098 0.967957
0 0.672923 0.935179 0.683748 0.935179 0.683748 0.968477 0.672923 0.968477
0 0.659010 0.934659 0.667516 0.934659 0.667516 0.967957 0.659010 0.967957
0 0.651474 0.934659 0.658434 0.934659 0.658434 0.967419 0.651474 0.967419
0 0.641035 0.934659 0.650505 0.934659 0.650505 0.967419 0.641035 0.967419
0 0.634083 0.928835 0.640649 0.928835 0.640649 0.966900 0.634083 0.966900
0 0.625000 0.934122 0.633696 0.934122 0.633696 0.967419 0.625000 0.967419
0 0.613788 0.935179 0.624030 0.935179 0.624030 0.965305 0.613788 0.965305
0 0.603159 0.934659 0.613598 0.934659 0.613598 0.979588 0.603159 0.979588
0 0.596782 0.919857 0.602195 0.919857 0.602195 0.964785 0.596782 0.964785
0 0.585190 0.920394 0.595236 0.920394 0.595236 0.968477 0.585190 0.968477
0 0.623204 0.360323 0.636501 0.360323 0.636501 0.411720 0.623204 0.411720
0 0.605452 0.359032 0.618650 0.359032 0.618650 0.411398 0.605452 0.411398
0 0.596337 0.359032 0.605105 0.359032 0.605105 0.411075 0.596337 0.411075
0 0.579535 0.359677 0.594469 0.359677 0.594469 0.411720 0.579535 0.411720
0 0.561442 0.359677 0.579292 0.359677 0.579292 0.411398 0.561442 0.411398
0 0.540537 0.360000 0.555708 0.360000 0.555708 0.411398 0.540537 0.411398
0 0.522562 0.359355 0.538906 0.359355 0.538906 0.412043 0.522562 0.412043
0 0.507497 0.360323 0.521612 0.360323 0.521612 0.410771 0.507497 0.410771
0 0.491507 0.360627 0.506907 0.360627 0.506907 0.410771 0.491507 0.410771
0 0.475393 0.360000 0.487641 0.360000 0.487641 0.411075 0.475393 0.411075
0 0.461383 0.360000 0.473290 0.360000 0.473290 0.411720 0.461383 0.411720
0 0.440603 0.357706 0.449836 0.357706 0.449836 0.410645 0.440603 0.410645
0 0.416435 0.356900 0.431619 0.356900 0.431619 0.408907 0.416435 0.408907
0 0.398126 0.356900 0.415865 0.356900 0.415865 0.408118 0.398126 0.408118
0 0.382634 0.356111 0.394692 0.356111 0.394692 0.407724 0.382634 0.407724
0 0.367471 0.356505 0.380813 0.356505 0.380813 0.407742 0.367471 0.407742
0 0.609548 0.216344 0.616107 0.216344 0.616107 0.281111 0.609548 0.281111
0 0.603145 0.225986 0.610026 0.225986 0.610026 0.269785 0.603145 0.269785
0 0.592110 0.232975 0.603467 0.232975 0.603467 0.269785 0.592110 0.269785
0 0.586507 0.218100 0.591311 0.218100 0.591311 0.267975 0.586507 0.267975
0 0.573545 0.218100 0.585066 0.218100 0.585066 0.269301 0.573545 0.269301
0 0.562510 0.232545 0.573067 0.232545 0.573067 0.266667 0.562510 0.266667
0 0.555950 0.225538 0.562189 0.225538 0.562189 0.265789 0.555950 0.265789
0 0.538191 0.230358 0.548427 0.230358 0.548427 0.279355 0.538191 0.279355
0 0.530990 0.225538 0.538028 0.225538 0.538028 0.265789 0.530990 0.265789
0 0.522189 0.231237 0.530832 0.231237 0.530832 0.266667 0.522189 0.266667
0 0.515308 0.215914 0.521710 0.215914 0.521710 0.266667 0.515308 0.266667
0 0.503309 0.215036 0.515151 0.215036 0.515151 0.266667 0.503309 0.266667
0 0.496271 0.223351 0.503309 0.223351 0.503309 0.266667 0.496271 0.266667
0 0.488113 0.215484 0.496107 0.215484 0.496107 0.281111 0.488113 0.281111
0 0.757248 0.922581 0.767412 0.922581 0.767412 0.967742 0.757248 0.967742
0 0.456907 0.225484 0.463689 0.225484 0.463689 0.266147 0.456907 0.266147
0 0.450642 0.214068 0.456645 0.214068 0.456645 0.266864 0.450642 0.266864
0 0.442818 0.221201 0.450642 0.221201 0.450642 0.266864 0.442818 0.266864
0 0.430819 0.232616 0.443080 0.232616 0.443080 0.266147 0.430819 0.266147
0 0.419862 0.229767 0.430557 0.229767 0.430557 0.266147 0.419862 0.266147
0 0.407857 0.229767 0.420118 0.229767 0.420118 0.266147 0.407857 0.266147
0 0.390118 0.214785 0.407077 0.214785 0.407077 0.277563 0.390118 0.277563
0 0.657752 0.042151 0.672202 0.042151 0.672202 0.102903 0.657752 0.102903
0 0.641697 0.042151 0.656160 0.042151 0.656160 0.102903 0.641697 0.102903
0 0.626979 0.039964 0.641966 0.039964 0.641966 0.099964 0.626979 0.099964
0 0.611062 0.051918 0.620655 0.051918 0.620655 0.099122 0.611062 0.099122
0 0.598683 0.059534 0.610367 0.059534 0.610367 0.100000 0.598683 0.100000
0 0.589613 0.040950 0.598683 0.040950 0.598683 0.099588 0.589613 0.099588
0 0.575144 0.041416 0.588742 0.041416 0.588742 0.100072 0.575144 0.100072
0 0.559626 0.059068 0.574450 0.059068 0.574450 0.099588 0.559626 0.099588
0 0.543060 0.040466 0.559305 0.040466 0.559305 0.100072 0.543060 0.100072
0 0.514450 0.041165 0.535767 0.041165 0.535767 0.099462 0.514450 0.099462
0 0.484764 0.041470 0.514024 0.041470 0.514024 0.099767 0.484764 0.099767
0 0.464135 0.041165 0.478349 0.041165 0.478349 0.099767 0.464135 0.099767
0 0.448309 0.040538 0.462746 0.040538 0.462746 0.100358 0.448309 0.100358
0 0.433021 0.040502 0.441769 0.040502 0.441769 0.098728 0.433021 0.098728
0 0.419024 0.055663 0.432143 0.055663 0.432143 0.098728 0.419024 0.098728
0 0.409397 0.039713 0.418729 0.039713 0.418729 0.097133 0.409397 0.097133
0 0.394233 0.055663 0.408231 0.055663 0.408231 0.097133 0.394233 0.097133
0 0.378486 0.055663 0.393945 0.055663 0.393945 0.097133 0.378486 0.097133
0 0.365072 0.054857 0.377588 0.054857 0.377588 0.096326 0.365072 0.096326
0 0.355924 0.047527 0.363879 0.047527 0.363879 0.098728 0.355924 0.098728
0 0.333925 0.037294 0.354522 0.037294 0.354522 0.097455 0.333925 0.097455
