0 0.074322 0.800414 0.091460 0.800414 0.091460 0.831423 0.074322 0.831423
0 0.096036 0.798929 0.104040 0.798929 0.104040 0.831423 0.096036 0.831423
0 0.108606 0.800414 0.125753 0.800414 0.125753 0.832895 0.108606 0.832895
0 0.130320 0.798929 0.147467 0.798929 0.147467 0.832895 0.130320 0.832895
0 0.152043 0.800414 0.173757 0.800414 0.173757 0.832895 0.152043 0.832895
0 0.177185 0.800414 0.192043 0.800414 0.192043 0.834367 0.177185 0.834367
0 0.139473 0.652737 0.169190 0.652737 0.169190 0.705900 0.139473 0.705900
0 0.112034 0.651265 0.138324 0.651265 0.138324 0.705900 0.112034 0.705900
0 0.081177 0.651265 0.110895 0.651265 0.110895 0.705900 0.081177 0.705900
0 0.176045 0.654209 0.203475 0.654209 0.203475 0.707372 0.176045 0.707372
0 0.080028 0.710328 0.105179 0.710328 0.105179 0.759063 0.080028 0.759063
0 0.113183 0.708856 0.139473 0.708856 0.139473 0.759063 0.113183 0.759063
0 0.144040 0.710328 0.169190 0.710328 0.169190 0.759063 0.144040 0.759063
0 0.174896 0.710328 0.200047 0.710328 0.200047 0.759063 0.174896 0.759063
0 0.076601 0.760535 0.097175 0.760535 0.097175 0.795973 0.076601 0.795973
0 0.100603 0.762019 0.122326 0.762019 0.122326 0.795973 0.100603 0.795973
0 0.131469 0.762019 0.150895 0.762019 0.150895 0.797457 0.131469 0.797457
0 0.156610 0.763491 0.172618 0.763491 0.172618 0.795973 0.156610 0.795973
0 0.178333 0.763491 0.195471 0.763491 0.195471 0.795973 0.178333 0.795973
