0 0.780291 0.165302 0.809685 0.165302 0.809685 0.209804 0.780291 0.209804
0 0.753015 0.166264 0.779576 0.166264 0.779576 0.211729 0.753015 0.211729
0 0.717845 0.167243 0.747990 0.167243 0.747990 0.212692 0.717845 0.212692
0 0.687688 0.168206 0.711380 0.168206 0.711380 0.215595 0.687688 0.215595
0 0.655387 0.170131 0.679080 0.170131 0.679080 0.215595 0.655387 0.215595
0 0.628111 0.171109 0.649649 0.171109 0.649649 0.216574 0.628111 0.216574
0 0.596525 0.174013 0.623087 0.174013 0.623087 0.218499 0.596525 0.218499
0 0.564939 0.174013 0.590061 0.174013 0.590061 0.219462 0.564939 0.219462
0 0.480956 0.179804 0.504637 0.179804 0.504637 0.220440 0.480956 0.220440
0 0.422809 0.178842 0.450799 0.178842 0.450799 0.228173 0.422809 0.228173
0 0.376864 0.186574 0.399116 0.186574 0.399116 0.224307 0.376864 0.224307
0 0.350303 0.187553 0.371840 0.187553 0.371840 0.226248 0.350303 0.226248
0 0.321586 0.189478 0.344564 0.189478 0.344564 0.229135 0.321586 0.229135
0 0.298620 0.190457 0.318002 0.190457 0.318002 0.230114 0.298620 0.230114
0 0.546441 0.419608 0.590678 0.419608 0.590678 0.465400 0.546441 0.465400
0 0.509625 0.420375 0.538511 0.420375 0.538511 0.466917 0.509625 0.466917
0 0.463184 0.406639 0.499431 0.406639 0.499431 0.466917 0.463184 0.466917
0 0.767324 0.310473 0.804140 0.310473 0.804140 0.373051 0.767324 0.373051
0 0.730508 0.311240 0.761659 0.311240 0.761659 0.357798 0.730508 0.357798
0 0.690303 0.312757 0.719128 0.312757 0.719128 0.359380 0.690303 0.359380
0 0.649528 0.300555 0.680678 0.300555 0.680678 0.361599 0.649528 0.361599
0 0.607615 0.315824 0.642724 0.315824 0.642724 0.376868 0.607615 0.376868
0 0.567966 0.302838 0.604213 0.302838 0.604213 0.364666 0.567966 0.364666
0 0.596852 0.418075 0.625169 0.418075 0.625169 0.463866 0.596852 0.463866
0 0.411259 0.819608 0.424734 0.819608 0.424734 0.845171 0.411259 0.845171
0 0.397785 0.819608 0.409758 0.819608 0.409758 0.845840 0.397785 0.845840
0 0.382300 0.820277 0.395787 0.820277 0.395787 0.845171 0.382300 0.845171
0 0.369334 0.820277 0.380811 0.820277 0.380811 0.847194 0.369334 0.847194
0 0.416743 0.781272 0.427724 0.781272 0.427724 0.807504 0.416743 0.807504
0 0.401768 0.780604 0.415254 0.780604 0.415254 0.807504 0.401768 0.807504
0 0.388293 0.783295 0.399770 0.783295 0.399770 0.807504 0.388293 0.807504
0 0.382300 0.783964 0.386804 0.783964 0.386804 0.808858 0.382300 0.808858
0 0.368826 0.784633 0.381308 0.784633 0.381308 0.809527 0.368826 0.809527
0 0.401271 0.733524 0.420242 0.733524 0.420242 0.771191 0.401271 0.771191
0 0.379806 0.735546 0.398281 0.735546 0.398281 0.773214 0.379806 0.773214
0 0.771852 0.411974 0.804140 0.411974 0.804140 0.460049 0.771852 0.460049
0 0.752034 0.397471 0.762797 0.397471 0.762797 0.459299 0.752034 0.459299
0 0.715787 0.399772 0.742409 0.399772 0.742409 0.461582 0.715787 0.461582
0 0.676138 0.414258 0.708426 0.414258 0.708426 0.462349 0.676138 0.462349
0 0.637058 0.418075 0.667082 0.418075 0.667082 0.464633 0.637058 0.464633
0 0.362373 0.338711 0.392954 0.338711 0.392954 0.396705 0.362373 0.396705
0 0.317627 0.339478 0.351610 0.339478 0.351610 0.399005 0.317627 0.399005
