0 0.540633 0.136705 0.551790 0.136705 0.551790 0.175000 0.540633 0.175000
0 0.552906 0.132807 0.561271 0.132807 0.561271 0.171752 0.552906 0.171752
0 0.563225 0.130209 0.574103 0.130209 0.574103 0.169803 0.563225 0.169803
0 0.574935 0.126972 0.586092 0.126972 0.586092 0.167204 0.574935 0.167204
0 0.587208 0.123724 0.597807 0.123724 0.597807 0.163968 0.587208 0.163968
0 0.650783 0.463515 0.654890 0.463515 0.654890 0.485812 0.650783 0.485812
0 0.607228 0.560220 0.614875 0.560220 0.614875 0.593005 0.607228 0.593005
0 0.781311 0.242865 0.788958 0.242865 0.788958 0.282065 0.781311 0.282065
0 0.789442 0.242865 0.796216 0.242865 0.796216 0.282970 0.789442 0.282970
0 0.797183 0.243550 0.804347 0.243550 0.804347 0.284548 0.797183 0.284548
0 0.814028 0.244443 0.820997 0.244443 0.820997 0.286125 0.814028 0.286125
0 0.805608 0.243770 0.812966 0.243770 0.812966 0.285000 0.805608 0.285000
0 0.788195 0.294919 0.799467 0.294919 0.799467 0.337436 0.788195 0.337436
0 0.803485 0.295824 0.816057 0.295824 0.816057 0.336531 0.803485 0.336531
0 0.796168 0.498353 0.800049 0.495933 0.802755 0.519431 0.798874 0.521851
0 0.801133 0.494857 0.805780 0.491959 0.808413 0.514830 0.803767 0.517727
0 0.806531 0.491304 0.810749 0.488674 0.813479 0.512385 0.809261 0.515015
0 0.811258 0.488229 0.815746 0.485431 0.818453 0.508940 0.813965 0.511739
0 0.816632 0.484722 0.820628 0.482230 0.823329 0.505684 0.819332 0.508176
0 0.822031 0.481357 0.826162 0.478781 0.828807 0.501752 0.824676 0.504328
0 0.826890 0.477588 0.831450 0.474745 0.834142 0.498131 0.829582 0.500974
0 0.832657 0.474363 0.836413 0.472021 0.839077 0.495161 0.835322 0.497503
0 0.637627 0.463271 0.640992 0.463271 0.640992 0.484582 0.637627 0.484582
0 0.641939 0.463271 0.645414 0.463271 0.645414 0.484826 0.641939 0.484826
0 0.645837 0.465232 0.649940 0.465232 0.649940 0.483608 0.645837 0.483608
0 0.349048 0.577448 0.353290 0.577448 0.353290 0.594849 0.349048 0.594849
0 0.353983 0.574316 0.359217 0.574316 0.359217 0.590209 0.353983 0.590209
0 0.359217 0.571415 0.363504 0.571415 0.363504 0.586961 0.359217 0.586961
0 0.316072 0.409652 0.322458 0.409652 0.322458 0.437796 0.316072 0.437796
0 0.445533 0.188561 0.449402 0.188561 0.449402 0.219327 0.445533 0.219327
0 0.450558 0.186299 0.454526 0.186299 0.454526 0.218086 0.450558 0.218086
0 0.455229 0.185070 0.459452 0.185070 0.459452 0.213991 0.455229 0.213991
0 0.459900 0.182193 0.463604 0.182193 0.463604 0.209687 0.459900 0.209687
0 0.464661 0.180348 0.468883 0.180348 0.468883 0.210093 0.464661 0.210093
0 0.470035 0.179118 0.474083 0.179118 0.474083 0.207425 0.470035 0.207425
0 0.475234 0.176868 0.479113 0.176868 0.479113 0.203944 0.475234 0.203944
0 0.480523 0.171531 0.484317 0.171531 0.484317 0.203527 0.480523 0.203527
0 0.322089 0.445429 0.332029 0.445429 0.332029 0.476439 0.322089 0.476439
0 0.334566 0.445429 0.345140 0.445429 0.345140 0.475940 0.334566 0.475940
0 0.333435 0.586937 0.338335 0.586937 0.338335 0.604466 0.333435 0.604466
0 0.338963 0.583411 0.343420 0.583411 0.343420 0.601276 0.338963 0.601276
0 0.344063 0.580116 0.348400 0.580116 0.348400 0.596705 0.344063 0.596705
0 0.322866 0.410278 0.328435 0.410278 0.328435 0.437796 0.322866 0.437796
0 0.329661 0.409965 0.335503 0.409965 0.335503 0.438422 0.329661 0.438422
0 0.336181 0.409652 0.342567 0.409652 0.342567 0.437796 0.336181 0.437796
0 0.343111 0.408701 0.349227 0.408701 0.349227 0.438109 0.343111 0.438109
0 0.616047 0.560220 0.622881 0.560220 0.622881 0.582981 0.616047 0.582981
0 0.623096 0.559304 0.629940 0.559304 0.629940 0.589814 0.623096 0.589814
0 0.557507 0.541879 0.562303 0.541879 0.562303 0.570847 0.557507 0.570847
0 0.562951 0.540371 0.566844 0.540371 0.566844 0.570545 0.562951 0.570545
0 0.567363 0.539466 0.572288 0.539466 0.572288 0.569942 0.567363 0.569942
0 0.572936 0.538863 0.577996 0.538863 0.577996 0.569037 0.572936 0.569037
0 0.578126 0.537645 0.582403 0.537645 0.582403 0.567529 0.578126 0.567529
