0 0.492784 0.245250 0.535816 0.245250 0.535816 0.280500 0.492784 0.280500
0 0.445337 0.242575 0.488298 0.242575 0.488298 0.279163 0.445337 0.279163
0 0.426348 0.241687 0.440904 0.241687 0.440904 0.279163 0.426348 0.279163
0 0.369397 0.240787 0.422553 0.240787 0.422553 0.279163 0.369397 0.279163
0 0.321933 0.239900 0.366862 0.239900 0.366862 0.277375 0.321933 0.277375
0 0.271312 0.236775 0.316862 0.236775 0.316862 0.277375 0.271312 0.277375
0 0.216259 0.234988 0.267518 0.234988 0.267518 0.274700 0.216259 0.274700
0 0.579843 0.206014 0.598220 0.202543 0.607728 0.227561 0.589351 0.231032
0 0.558160 0.205127 0.576827 0.201600 0.587088 0.228598 0.568421 0.232125
0 0.532160 0.203622 0.552112 0.199853 0.561262 0.223928 0.541310 0.227697
0 0.505915 0.202403 0.527974 0.198236 0.537560 0.223459 0.515501 0.227626
0 0.483896 0.201486 0.503574 0.197769 0.513321 0.223414 0.493643 0.227131
0 0.458242 0.200593 0.478537 0.196759 0.487449 0.220207 0.467154 0.224041
0 0.415922 0.195250 0.456206 0.195250 0.456206 0.220700 0.415922 0.220700
0 0.379486 0.194800 0.415585 0.194800 0.415585 0.220587 0.379486 0.220587
0 0.337145 0.190388 0.378050 0.190388 0.378050 0.216512 0.337145 0.216512
0 0.297199 0.185637 0.337624 0.185637 0.337624 0.215500 0.297199 0.215500
0 0.657277 0.117820 0.682316 0.122550 0.668893 0.157867 0.643854 0.153137
0 0.600553 0.114512 0.613278 0.116915 0.600599 0.150276 0.587874 0.147872
0 0.365355 0.031725 0.402305 0.031725 0.402305 0.062312 0.365355 0.062312
0 0.403387 0.038900 0.439787 0.038900 0.439787 0.069100 0.403387 0.069100
0 0.438759 0.040800 0.475177 0.040800 0.475177 0.069862 0.438759 0.069862
0 0.481507 0.047562 0.506525 0.047562 0.506525 0.072900 0.481507 0.072900
0 0.508085 0.049763 0.529433 0.049763 0.529433 0.078775 0.508085 0.078775
0 0.528387 0.052337 0.553369 0.052337 0.553369 0.078412 0.528387 0.078412
0 0.553918 0.054538 0.576312 0.054538 0.576312 0.080612 0.553918 0.080612
0 0.579433 0.056738 0.600798 0.056738 0.600798 0.084288 0.579433 0.084288
0 0.600266 0.059687 0.624238 0.059687 0.624238 0.083550 0.600266 0.083550
0 0.324645 0.024562 0.364291 0.024562 0.364291 0.058150 0.324645 0.058150
0 0.229512 0.071558 0.282073 0.081487 0.266782 0.121717 0.214222 0.111788
0 0.285903 0.081423 0.334833 0.090666 0.319859 0.130064 0.270929 0.120821
0 0.339114 0.087534 0.378351 0.094946 0.364556 0.131241 0.325320 0.123829
0 0.385687 0.092593 0.428537 0.100688 0.414738 0.136994 0.371888 0.128900
0 0.433985 0.098301 0.450683 0.101455 0.436884 0.137762 0.420186 0.134607
0 0.456347 0.098883 0.491490 0.105522 0.477696 0.141817 0.442552 0.135178
0 0.495879 0.102670 0.543593 0.111684 0.529546 0.148642 0.481832 0.139629
0 0.558800 0.107396 0.596838 0.114582 0.582529 0.152229 0.544492 0.145043
0 0.618615 0.113460 0.653159 0.119986 0.639736 0.155302 0.605192 0.148777
0 0.707315 0.773999 0.711979 0.777287 0.700983 0.785039 0.696319 0.781751
0 0.716383 0.777875 0.730762 0.777875 0.730762 0.786637 0.716383 0.786637
0 0.731973 0.783345 0.748541 0.776601 0.755669 0.785305 0.739101 0.792049
0 0.755353 0.789123 0.765032 0.782299 0.776065 0.790077 0.766386 0.796901
0 0.781832 0.796032 0.799321 0.788914 0.802477 0.792768 0.784988 0.799886
0 0.815493 0.790379 0.822054 0.798390 0.802414 0.806383 0.795854 0.798373
0 0.842757 0.794593 0.851684 0.805494 0.826410 0.815782 0.817482 0.804881
0 0.844114 0.811038 0.861941 0.803782 0.868138 0.811349 0.850311 0.818605
0 0.970851 0.939313 0.992057 0.939313 0.992057 0.970400 0.970851 0.970400
0 0.945940 0.944538 0.969840 0.944538 0.969840 0.977988 0.945940 0.977988
0 0.915993 0.952838 0.944947 0.952838 0.944947 0.987013 0.915993 0.987013
0 0.887376 0.960900 0.913635 0.960900 0.913635 0.998637 0.887376 0.998637
0 0.862465 0.973012 0.884681 0.973012 0.884681 1.000000 0.862465 1.000000
0 0.304581 0.843741 0.314643 0.856028 0.263557 0.876821 0.253495 0.864535
0 0.280798 0.874531 0.338226 0.851156 0.347819 0.862869 0.290391 0.886244
0 0.309945 0.879993 0.372563 0.854506 0.384735 0.869369 0.322117 0.894857
0 0.345263 0.888096 0.404533 0.863971 0.415872 0.877817 0.356601 0.901942
0 0.383331 0.894908 0.442218 0.870939 0.453317 0.884492 0.394431 0.908461
0 0.480862 0.881372 0.495525 0.899278 0.443748 0.920353 0.429085 0.902447
0 0.459996 0.918088 0.515935 0.895319 0.530660 0.913300 0.474721 0.936069
0 0.544656 0.903597 0.562786 0.925735 0.501780 0.950566 0.483651 0.928428
0 0.583451 0.919987 0.603132 0.944019 0.543109 0.968450 0.523428 0.944418
0 0.620259 0.939320 0.643007 0.967098 0.584919 0.990742 0.562170 0.962964
0 0.857348 0.673135 0.875835 0.680660 0.865808 0.692903 0.847321 0.685378
0 0.830661 0.669292 0.851130 0.677623 0.841520 0.689358 0.821051 0.681027
0 0.807603 0.664891 0.824524 0.671779 0.815021 0.683384 0.798100 0.676496
0 0.782984 0.658148 0.802300 0.666010 0.791804 0.678827 0.772487 0.670965
0 0.670492 0.685364 0.694623 0.689923 0.683178 0.720036 0.659047 0.715477
0 0.620035 0.695113 0.660089 0.695113 0.660089 0.722625 0.620035 0.722625
0 0.612967 0.702267 0.625230 0.704583 0.616607 0.727271 0.604345 0.724954
0 0.566046 0.709938 0.602837 0.709938 0.602837 0.733437 0.566046 0.733437
0 0.261454 0.775175 0.310816 0.775175 0.310816 0.806375 0.261454 0.806375
0 0.514894 0.719662 0.555124 0.719662 0.555124 0.742350 0.514894 0.742350
0 0.470071 0.728988 0.510301 0.728988 0.510301 0.753700 0.470071 0.753700
0 0.447660 0.735875 0.464894 0.735875 0.464894 0.760188 0.447660 0.760188
0 0.402252 0.742363 0.443067 0.742363 0.443067 0.770725 0.402252 0.770725
0 0.360887 0.752487 0.399965 0.752487 0.399965 0.780850 0.360887 0.780850
0 0.313174 0.764638 0.358582 0.764638 0.358582 0.794212 0.313174 0.794212
0 0.604929 0.655913 0.626241 0.655913 0.626241 0.681550 0.604929 0.681550
0 0.578678 0.662592 0.596524 0.659221 0.605826 0.683695 0.587980 0.687066
0 0.560000 0.665352 0.577555 0.662036 0.586861 0.686523 0.569307 0.689839
0 0.536326 0.669794 0.556209 0.666038 0.565713 0.691043 0.545830 0.694800
0 0.517571 0.671438 0.539539 0.671438 0.539539 0.698150 0.517571 0.698150
0 0.493209 0.675263 0.516028 0.675263 0.516028 0.702512 0.493209 0.702512
0 0.452145 0.680050 0.486472 0.680050 0.486472 0.708788 0.452145 0.708788
0 0.417819 0.688375 0.451613 0.688375 0.451613 0.718250 0.417819 0.718250
0 0.379734 0.694800 0.416738 0.694800 0.416738 0.725050 0.379734 0.725050
0 0.341649 0.701987 0.378121 0.701987 0.378121 0.732988 0.341649 0.732988
0 0.642837 0.554400 0.678050 0.554400 0.678050 0.583750 0.642837 0.583750
0 0.605355 0.557787 0.641543 0.557787 0.641543 0.588037 0.605355 0.588037
0 0.590319 0.562075 0.602482 0.562075 0.602482 0.591425 0.590319 0.591425
0 0.548050 0.567275 0.588706 0.567275 0.588706 0.596163 0.548050 0.596163
0 0.486348 0.572738 0.531862 0.572738 0.531862 0.603812 0.486348 0.603812
0 0.448032 0.575575 0.485869 0.575575 0.485869 0.606075 0.448032 0.606075
0 0.427163 0.578300 0.444929 0.578300 0.444929 0.609888 0.427163 0.609888
0 0.376809 0.582987 0.423918 0.582987 0.423918 0.617138 0.376809 0.617138
0 0.334344 0.590475 0.374823 0.590475 0.374823 0.624625 0.334344 0.624625
0 0.283901 0.600300 0.331028 0.600300 0.331028 0.634450 0.283901 0.634450
0 0.229486 0.608250 0.281241 0.608250 0.281241 0.648025 0.229486 0.648025
0 0.579511 0.513348 0.595182 0.510388 0.604727 0.535502 0.589056 0.538462
0 0.558925 0.515720 0.576514 0.512397 0.586660 0.539093 0.569071 0.542415
0 0.535141 0.518483 0.554974 0.514737 0.564078 0.538692 0.544246 0.542438
0 0.513473 0.520380 0.531421 0.516989 0.540783 0.541620 0.522834 0.545011
0 0.491838 0.520763 0.509307 0.517463 0.519545 0.544400 0.502076 0.547700
0 0.470378 0.522664 0.489029 0.519141 0.498505 0.544074 0.479854 0.547597
0 0.431170 0.523288 0.468032 0.523288 0.468032 0.550362 0.431170 0.550362
0 0.395390 0.527725 0.432128 0.527725 0.432128 0.556825 0.395390 0.556825
0 0.354681 0.531312 0.394823 0.531312 0.394823 0.560412 0.354681 0.560412
0 0.312287 0.536100 0.354681 0.536100 0.354681 0.566388 0.312287 0.566388
0 0.645904 0.422925 0.676383 0.422925 0.676383 0.452512 0.645904 0.452512
0 0.607943 0.423250 0.644911 0.423250 0.644911 0.454275 0.607943 0.454275
0 0.590957 0.424338 0.606933 0.424338 0.606933 0.455325 0.590957 0.455325
0 0.551489 0.425750 0.591454 0.425750 0.591454 0.456388 0.551489 0.456388
0 0.490532 0.426800 0.535993 0.426800 0.535993 0.458500 0.490532 0.458500
0 0.449787 0.428413 0.488351 0.428413 0.488351 0.460637 0.449787 0.460637
0 0.428723 0.429525 0.445426 0.429525 0.445426 0.462875 0.428723 0.462875
0 0.375461 0.430625 0.425142 0.430625 0.425142 0.465112 0.375461 0.465112
0 0.332518 0.432350 0.374681 0.432350 0.374681 0.465900 0.332518 0.465900
0 0.278812 0.433300 0.329078 0.433300 0.329078 0.468775 0.278812 0.468775
0 0.221028 0.434263 0.277447 0.434263 0.277447 0.469250 0.221028 0.469250
0 0.578093 0.372625 0.596127 0.369219 0.605223 0.393150 0.587188 0.396556
0 0.556099 0.372191 0.572437 0.369105 0.582093 0.394509 0.565754 0.397595
0 0.535566 0.370751 0.552436 0.367564 0.562288 0.393487 0.545419 0.396674
0 0.512716 0.370938 0.531881 0.367318 0.541096 0.391562 0.521931 0.395182
0 0.489592 0.369793 0.507695 0.366373 0.517837 0.393057 0.499734 0.396477
0 0.466645 0.369657 0.486238 0.365956 0.495801 0.391118 0.476209 0.394819
0 0.426862 0.367437 0.463369 0.367437 0.463369 0.395388 0.426862 0.395388
0 0.391684 0.368725 0.426950 0.368725 0.426950 0.397200 0.391684 0.397200
0 0.351294 0.367737 0.391401 0.367737 0.391401 0.397400 0.351294 0.397400
0 0.309504 0.368125 0.350727 0.368125 0.350727 0.397600 0.309504 0.397600
0 0.651684 0.252387 0.681206 0.252387 0.681206 0.284338 0.651684 0.284338
0 0.612695 0.250900 0.647482 0.250900 0.647482 0.283963 0.612695 0.283963
0 0.595301 0.249037 0.609007 0.249037 0.609007 0.283225 0.595301 0.283225
0 0.554716 0.247550 0.592660 0.247550 0.592660 0.282112 0.554716 0.282112
