0 0.898403 0.535000 0.912584 0.535000 0.912584 0.558431 0.898403 0.558431
0 0.537792 0.731347 0.558312 0.731347 0.558312 0.745556 0.537792 0.745556
0 0.537390 0.744361 0.557922 0.744361 0.557922 0.769583 0.537390 0.769583
0 0.537000 0.767958 0.557922 0.767958 0.557922 0.797250 0.537000 0.797250
0 0.537766 0.791972 0.556792 0.791972 0.556792 0.814347 0.537766 0.814347
0 0.624234 0.284583 0.637429 0.284583 0.637429 0.298972 0.624234 0.298972
0 0.623974 0.299556 0.636078 0.299556 0.636078 0.313944 0.623974 0.313944
0 0.623974 0.313069 0.636883 0.313069 0.636883 0.329472 0.623974 0.329472
0 0.624234 0.331208 0.635805 0.331208 0.635805 0.345597 0.624234 0.345597
0 0.624234 0.343861 0.636078 0.343861 0.636078 0.362000 0.624234 0.362000
0 0.621013 0.370972 0.635844 0.370972 0.635844 0.378972 0.621013 0.378972
0 0.603792 0.311347 0.616169 0.311347 0.616169 0.333222 0.603792 0.333222
0 0.603792 0.333500 0.615623 0.333500 0.615623 0.348750 0.603792 0.348750
0 0.602714 0.349903 0.615896 0.349903 0.615896 0.364583 0.602714 0.364583
0 0.602442 0.364014 0.616974 0.364014 0.616974 0.378389 0.602442 0.378389
0 0.607831 0.480833 0.627468 0.480833 0.627468 0.511333 0.607831 0.511333
0 0.607013 0.510181 0.628000 0.510181 0.628000 0.532917 0.607013 0.532917
0 0.606481 0.530611 0.629078 0.530611 0.629078 0.542986 0.606481 0.542986
0 0.605948 0.541847 0.627468 0.541847 0.627468 0.569458 0.605948 0.569458
0 0.606208 0.581264 0.622896 0.581264 0.622896 0.603417 0.606208 0.603417
0 0.606208 0.604278 0.622623 0.604278 0.622623 0.617236 0.606208 0.617236
0 0.606208 0.630472 0.626390 0.630472 0.626390 0.648597 0.606208 0.648597
0 0.605948 0.649458 0.626117 0.649458 0.626117 0.663556 0.605948 0.663556
0 0.606494 0.661542 0.625312 0.661542 0.625312 0.689722 0.606494 0.689722
0 0.606208 0.685139 0.626390 0.685139 0.626390 0.710750 0.606208 0.710750
0 0.697325 0.255236 0.710545 0.255236 0.710545 0.268792 0.697325 0.268792
0 0.697506 0.269181 0.709429 0.269181 0.709429 0.283528 0.697506 0.283528
0 0.697506 0.281736 0.709987 0.281736 0.709987 0.297861 0.697506 0.297861
0 0.697506 0.299056 0.709065 0.299056 0.709065 0.312611 0.697506 0.312611
0 0.697506 0.311806 0.709805 0.311806 0.709805 0.328889 0.697506 0.328889
0 0.694351 0.337306 0.708870 0.337306 0.708870 0.346472 0.694351 0.346472
0 0.679078 0.280736 0.691740 0.280736 0.691740 0.301653 0.679078 0.301653
0 0.678883 0.302444 0.691364 0.302444 0.691364 0.316597 0.678883 0.316597
0 0.678519 0.317583 0.691545 0.317583 0.691545 0.331931 0.678519 0.331931
0 0.678519 0.330528 0.691364 0.330528 0.691364 0.343083 0.678519 0.343083
0 0.682078 0.374653 0.704636 0.374653 0.704636 0.405569 0.682078 0.405569
0 0.684481 0.401708 0.702597 0.401708 0.702597 0.426181 0.684481 0.426181
0 0.684494 0.427792 0.702857 0.427792 0.702857 0.447444 0.684494 0.447444
0 0.684494 0.446806 0.703468 0.446806 0.703468 0.467097 0.684494 0.467097
0 0.683883 0.464514 0.702831 0.464514 0.702831 0.492861 0.683883 0.492861
0 0.682857 0.505611 0.697519 0.505611 0.697519 0.523708 0.682857 0.523708
0 0.683078 0.524194 0.696623 0.524194 0.696623 0.536750 0.683078 0.536750
0 0.682623 0.548333 0.701364 0.548333 0.701364 0.568125 0.682623 0.568125
0 0.682623 0.566444 0.701299 0.566444 0.701299 0.594681 0.682623 0.594681
0 0.682857 0.597333 0.699558 0.597333 0.699558 0.618819 0.682857 0.618819
0 0.682857 0.614722 0.700234 0.614722 0.700234 0.639347 0.682857 0.639347
0 0.681727 0.640792 0.700455 0.640792 0.700455 0.666625 0.681727 0.666625
0 0.681727 0.663958 0.699104 0.663958 0.699104 0.697028 0.681727 0.697028
0 0.681273 0.699444 0.700909 0.699444 0.700909 0.721903 0.681273 0.721903
0 0.770792 0.228042 0.781922 0.228042 0.781922 0.239708 0.770792 0.239708
0 0.771013 0.241361 0.781688 0.241361 0.781688 0.254681 0.771013 0.254681
0 0.770792 0.254208 0.781026 0.254208 0.781026 0.268000 0.770792 0.268000
0 0.771013 0.269667 0.779909 0.269667 0.779909 0.283708 0.771013 0.283708
0 0.770519 0.282278 0.780805 0.282278 0.780805 0.298694 0.770519 0.298694
0 0.767688 0.306778 0.781247 0.306778 0.781247 0.314625 0.767688 0.314625
0 0.754338 0.252542 0.763896 0.252542 0.763896 0.271097 0.754338 0.271097
0 0.753636 0.272764 0.763896 0.272764 0.763896 0.286319 0.753636 0.286319
0 0.753455 0.287278 0.764351 0.287278 0.764351 0.301069 0.753455 0.301069
0 0.753455 0.299875 0.765234 0.299875 0.765234 0.311764 0.753455 0.311764
0 0.758623 0.356639 0.775844 0.356639 0.775844 0.376444 0.758623 0.376444
0 0.758623 0.377500 0.773688 0.377500 0.773688 0.404972 0.758623 0.404972
0 0.758130 0.403917 0.774675 0.403917 0.774675 0.420292 0.758130 0.420292
0 0.757883 0.421875 0.774675 0.421875 0.774675 0.433236 0.757883 0.433236
0 0.757922 0.432708 0.773935 0.432708 0.773935 0.455417 0.757922 0.455417
0 0.757390 0.454361 0.773442 0.454361 0.773442 0.473375 0.757390 0.473375
0 0.756805 0.485444 0.769558 0.485444 0.769558 0.503250 0.756805 0.503250
0 0.756597 0.504167 0.769558 0.504167 0.769558 0.514333 0.756597 0.514333
0 0.756377 0.526361 0.773662 0.526361 0.773662 0.545764 0.756377 0.545764
0 0.756597 0.544153 0.774104 0.544153 0.774104 0.561708 0.756597 0.561708
0 0.756156 0.563792 0.773013 0.563792 0.773013 0.589222 0.756156 0.589222
0 0.754649 0.588750 0.772364 0.588750 0.772364 0.613486 0.754649 0.613486
0 0.753779 0.612556 0.772584 0.612556 0.772584 0.641681 0.753779 0.641681
0 0.754649 0.639139 0.771935 0.639139 0.771935 0.659472 0.754649 0.659472
0 0.838481 0.251306 0.848143 0.251306 0.848143 0.266889 0.838481 0.266889
0 0.836104 0.275694 0.847818 0.275694 0.847818 0.282292 0.836104 0.282292
0 0.823753 0.223028 0.833104 0.223028 0.833104 0.240472 0.823753 0.240472
0 0.823117 0.241486 0.832779 0.241486 0.832779 0.255028 0.823117 0.255028
0 0.822805 0.255708 0.832143 0.255708 0.832143 0.267903 0.822805 0.267903
0 0.822649 0.267389 0.833260 0.267389 0.833260 0.279917 0.822649 0.279917
0 0.827818 0.348181 0.842325 0.348181 0.842325 0.363347 0.827818 0.363347
0 0.826857 0.364375 0.842000 0.364375 0.842000 0.390222 0.826857 0.390222
0 0.838636 0.200000 0.850039 0.200000 0.850039 0.211347 0.838636 0.211347
0 0.838481 0.212361 0.849403 0.212361 0.849403 0.225403 0.838481 0.225403
0 0.838169 0.224722 0.848610 0.224722 0.848610 0.238444 0.838169 0.238444
0 0.838325 0.239625 0.849091 0.239625 0.849091 0.251819 0.838325 0.251819
0 0.827169 0.389542 0.841675 0.389542 0.841675 0.418153 0.827169 0.418153
0 0.825558 0.420222 0.842325 0.420222 0.842325 0.435722 0.825558 0.435722
0 0.825247 0.435389 0.841039 0.435389 0.841039 0.455028 0.825247 0.455028
0 0.824273 0.461931 0.835870 0.461931 0.835870 0.478125 0.824273 0.478125
0 0.825247 0.479500 0.836844 0.479500 0.836844 0.490194 0.825247 0.490194
0 0.824273 0.496056 0.840714 0.496056 0.840714 0.517417 0.824273 0.517417
0 0.823948 0.520528 0.839740 0.520528 0.839740 0.537417 0.823948 0.537417
0 0.824273 0.532236 0.839104 0.532236 0.839104 0.562917 0.824273 0.562917
0 0.824273 0.563611 0.838779 0.563611 0.838779 0.588431 0.824273 0.588431
0 0.912260 0.172736 0.923545 0.172736 0.923545 0.183764 0.912260 0.183764
0 0.912909 0.184792 0.921610 0.184792 0.921610 0.197889 0.912909 0.197889
0 0.913558 0.196167 0.922260 0.196167 0.922260 0.210986 0.913558 0.210986
0 0.912260 0.210653 0.922260 0.210653 0.922260 0.223056 0.912260 0.223056
0 0.912260 0.223403 0.922571 0.223403 0.922571 0.237181 0.912260 0.237181
0 0.909364 0.245458 0.921610 0.245458 0.921610 0.253042 0.909364 0.253042
0 0.899377 0.194792 0.906779 0.194792 0.906779 0.211333 0.899377 0.211333
0 0.898727 0.212708 0.906779 0.212708 0.906779 0.225806 0.898727 0.225806
0 0.897442 0.226153 0.906779 0.226153 0.906779 0.239944 0.897442 0.239944
0 0.897753 0.238569 0.906779 0.238569 0.906779 0.248903 0.897753 0.248903
0 0.901623 0.302681 0.915169 0.302681 0.915169 0.320944 0.901623 0.320944
0 0.901623 0.321292 0.915481 0.321292 0.915481 0.330944 0.901623 0.330944
0 0.900662 0.330597 0.914519 0.330597 0.914519 0.354042 0.900662 0.354042
0 0.900987 0.354375 0.915805 0.354375 0.915805 0.375403 0.900987 0.375403
0 0.900013 0.376792 0.915169 0.376792 0.915169 0.396778 0.900013 0.396778
0 0.899688 0.397125 0.914545 0.397125 0.914545 0.421597 0.899688 0.421597
0 0.899688 0.422625 0.912584 0.422625 0.912584 0.448819 0.899688 0.448819
0 0.898727 0.459514 0.910013 0.459514 0.910013 0.476403 0.898727 0.476403
0 0.898052 0.476750 0.910325 0.476750 0.910325 0.487778 0.898052 0.487778
0 0.897753 0.500528 0.911623 0.500528 0.911623 0.521208 0.897753 0.521208
0 0.897753 0.518111 0.913558 0.518111 0.913558 0.535000 0.897753 0.535000
0 0.077974 0.269681 0.086675 0.269681 0.086675 0.285375 0.077974 0.285375
0 0.089143 0.273431 0.098883 0.273431 0.098883 0.290236 0.089143 0.290236
0 0.101091 0.277736 0.108623 0.277736 0.108623 0.293847 0.101091 0.293847
0 0.115584 0.283542 0.124935 0.283542 0.124935 0.298819 0.115584 0.298819
0 0.126753 0.287153 0.138961 0.287153 0.138961 0.302847 0.126753 0.302847
0 0.140260 0.291181 0.153506 0.291181 0.153506 0.308264 0.140260 0.308264
0 0.155714 0.296319 0.164026 0.296319 0.164026 0.310903 0.155714 0.310903
0 0.166234 0.299375 0.173117 0.299375 0.173117 0.315347 0.166234 0.315347
0 0.174935 0.302708 0.182987 0.302708 0.182987 0.318819 0.174935 0.318819
0 0.185065 0.305764 0.193636 0.305764 0.193636 0.321597 0.185065 0.321597
0 0.196104 0.310069 0.203636 0.310069 0.203636 0.325486 0.196104 0.325486
0 0.211506 0.315792 0.221260 0.315792 0.221260 0.330903 0.211506 0.330903
0 0.222805 0.319917 0.236156 0.319917 0.236156 0.335292 0.222805 0.335292
0 0.238182 0.323764 0.245909 0.323764 0.245909 0.339694 0.238182 0.339694
0 0.248481 0.326778 0.255416 0.326778 0.255416 0.343528 0.248481 0.343528
0 0.258753 0.330083 0.266195 0.330083 0.266195 0.347097 0.258753 0.347097
0 0.268260 0.334194 0.278779 0.334194 0.278779 0.350417 0.268260 0.350417
0 0.281091 0.338042 0.290078 0.338042 0.290078 0.354236 0.281091 0.354236
0 0.293156 0.341611 0.296247 0.341611 0.296247 0.356167 0.293156 0.356167
0 0.299065 0.345181 0.312156 0.345181 0.312156 0.361653 0.299065 0.361653
0 0.314727 0.349028 0.326026 0.349028 0.326026 0.366875 0.314727 0.366875
0 0.187455 0.359556 0.218286 0.359556 0.218286 0.408597 0.187455 0.408597
0 0.222584 0.367667 0.254039 0.367667 0.254039 0.421625 0.222584 0.421625
0 0.272442 0.389250 0.290247 0.389250 0.290247 0.442583 0.272442 0.442583
0 0.134481 0.400667 0.173013 0.400667 0.173013 0.454181 0.134481 0.454181
0 0.174325 0.418625 0.205597 0.418625 0.205597 0.466514 0.174325 0.466514
0 0.206922 0.429181 0.238532 0.429181 0.238532 0.479542 0.206922 0.479542
0 0.239182 0.440097 0.264870 0.440097 0.264870 0.486583 0.239182 0.486583
0 0.079883 0.486083 0.113234 0.486083 0.113234 0.544181 0.079883 0.544181
0 0.117974 0.499583 0.152000 0.499583 0.152000 0.565389 0.117974 0.565389
0 0.101052 0.327389 0.123883 0.327389 0.123883 0.371361 0.101052 0.371361
0 0.125792 0.337361 0.155481 0.337361 0.155481 0.385403 0.125792 0.385403
0 0.159091 0.346319 0.184792 0.346319 0.184792 0.395778 0.159091 0.395778
0 0.162364 0.520556 0.194597 0.520556 0.194597 0.582736 0.162364 0.582736
0 0.197078 0.540083 0.243506 0.540083 0.243506 0.596958 0.197078 0.596958
0 0.250636 0.555111 0.287948 0.555111 0.287948 0.623361 0.250636 0.623361
0 0.300039 0.576569 0.328351 0.576569 0.328351 0.639319 0.300039 0.639319
0 0.170091 0.604917 0.201481 0.604917 0.201481 0.644556 0.170091 0.644556
0 0.206883 0.617583 0.226182 0.617583 0.226182 0.655014 0.206883 0.655014
0 0.113987 0.645653 0.151039 0.645653 0.151039 0.699042 0.113987 0.699042
0 0.159273 0.658042 0.184753 0.658042 0.184753 0.719139 0.159273 0.719139
0 0.187844 0.679500 0.226442 0.679500 0.226442 0.739500 0.187844 0.739500
0 0.229532 0.695472 0.259896 0.695472 0.259896 0.751333 0.229532 0.751333
0 0.263247 0.711431 0.294377 0.711431 0.294377 0.767014 0.263247 0.767014
0 0.151688 0.863931 0.156247 0.863931 0.156247 0.871889 0.151688 0.871889
0 0.162182 0.869125 0.166299 0.869125 0.166299 0.878069 0.162182 0.878069
0 0.170390 0.874333 0.176948 0.874333 0.176948 0.882139 0.170390 0.882139
0 0.180584 0.879056 0.188649 0.879056 0.188649 0.888319 0.180584 0.888319
0 0.192143 0.885556 0.200052 0.885556 0.200052 0.895319 0.192143 0.895319
0 0.205221 0.891417 0.209195 0.891417 0.209195 0.899708 0.205221 0.899708
0 0.213740 0.896778 0.219519 0.896778 0.219519 0.905889 0.213740 0.905889
0 0.224390 0.901819 0.230766 0.901819 0.230766 0.910597 0.224390 0.910597
0 0.235481 0.908000 0.239896 0.908000 0.239896 0.916458 0.235481 0.916458
0 0.245987 0.912556 0.251766 0.912556 0.251766 0.922958 0.245987 0.922958
0 0.423468 0.361917 0.441455 0.361917 0.441455 0.378583 0.423468 0.378583
0 0.423805 0.380056 0.440078 0.380056 0.440078 0.395236 0.423805 0.395236
0 0.423805 0.395611 0.440078 0.395611 0.440078 0.411889 0.423805 0.411889
0 0.423805 0.413750 0.439039 0.413750 0.439039 0.428917 0.423805 0.428917
0 0.423117 0.428556 0.440078 0.428556 0.440078 0.447792 0.423117 0.447792
0 0.420351 0.458528 0.440078 0.458528 0.440078 0.467417 0.420351 0.467417
0 0.398545 0.393389 0.414117 0.393389 0.414117 0.417069 0.398545 0.417069
0 0.398883 0.418181 0.414468 0.418181 0.414468 0.435208 0.398883 0.435208
0 0.398883 0.436319 0.413078 0.436319 0.413078 0.452611 0.398883 0.452611
0 0.398195 0.452611 0.414805 0.452611 0.414805 0.467042 0.398195 0.467042
0 0.405740 0.508736 0.422701 0.508736 0.422701 0.525500 0.405740 0.525500
0 0.405948 0.526417 0.421857 0.526417 0.421857 0.549306 0.405948 0.549306
0 0.405740 0.549306 0.422909 0.549306 0.422909 0.566542 0.405740 0.566542
0 0.405779 0.579486 0.433247 0.579486 0.433247 0.603903 0.405779 0.603903
0 0.404675 0.600083 0.433961 0.600083 0.433961 0.621444 0.404675 0.621444
0 0.404714 0.619528 0.431455 0.619528 0.431455 0.642042 0.404714 0.642042
0 0.404000 0.642417 0.431455 0.642417 0.431455 0.667208 0.404000 0.667208
0 0.404000 0.664153 0.432532 0.664153 0.432532 0.686278 0.404000 0.686278
0 0.403649 0.683597 0.432883 0.683597 0.432883 0.704194 0.403649 0.704194
0 0.404364 0.702292 0.433597 0.702292 0.433597 0.716403 0.404364 0.716403
0 0.405078 0.712583 0.428961 0.712583 0.428961 0.745000 0.405078 0.745000
0 0.405429 0.753014 0.431104 0.753014 0.431104 0.776278 0.405429 0.776278
0 0.404364 0.780847 0.430039 0.780847 0.430039 0.806778 0.404364 0.806778
0 0.404000 0.803347 0.431455 0.803347 0.431455 0.829278 0.404000 0.829278
0 0.402935 0.829278 0.431104 0.829278 0.431104 0.854028 0.402935 0.854028
0 0.402571 0.847972 0.430390 0.847972 0.430390 0.876194 0.402571 0.876194
0 0.403649 0.876250 0.429325 0.876250 0.429325 0.900222 0.403649 0.900222
0 0.491636 0.354597 0.506506 0.354597 0.506506 0.369125 0.491636 0.369125
0 0.491312 0.368431 0.506182 0.368431 0.506182 0.386069 0.491312 0.386069
0 0.491312 0.337653 0.505857 0.337653 0.505857 0.352875 0.491312 0.352875
0 0.491636 0.386069 0.507481 0.386069 0.507481 0.403014 0.491636 0.403014
0 0.491312 0.401625 0.505857 0.401625 0.505857 0.421000 0.491312 0.421000
0 0.488078 0.430681 0.506182 0.430681 0.506182 0.441056 0.488078 0.441056
0 0.468675 0.367736 0.484519 0.367736 0.484519 0.391264 0.468675 0.391264
0 0.468351 0.391944 0.484195 0.391944 0.484195 0.409236 0.468351 0.409236
0 0.468701 0.409583 0.483234 0.409583 0.483234 0.423750 0.468701 0.423750
0 0.468026 0.423764 0.485494 0.423764 0.485494 0.438292 0.468026 0.438292
0 0.475455 0.501222 0.501078 0.501222 0.501078 0.523792 0.475455 0.523792
0 0.474701 0.523792 0.498065 0.523792 0.498065 0.556028 0.474701 0.556028
0 0.474701 0.555222 0.499571 0.555222 0.499571 0.581000 0.474701 0.581000
0 0.472442 0.579389 0.501831 0.579389 0.501831 0.611625 0.472442 0.611625
0 0.474701 0.609208 0.500325 0.609208 0.500325 0.642250 0.474701 0.642250
0 0.472442 0.641444 0.500325 0.641444 0.500325 0.668042 0.472442 0.668042
0 0.472442 0.671264 0.491286 0.671264 0.491286 0.694639 0.472442 0.694639
0 0.472442 0.693014 0.492039 0.693014 0.492039 0.711556 0.472442 0.711556
0 0.474273 0.715889 0.499571 0.715889 0.499571 0.745889 0.474273 0.745889
0 0.473519 0.742944 0.497818 0.742944 0.497818 0.766778 0.473519 0.766778
0 0.473779 0.768125 0.497818 0.768125 0.497818 0.793569 0.473779 0.793569
0 0.473766 0.788208 0.498052 0.788208 0.498052 0.809903 0.473766 0.809903
0 0.472766 0.807500 0.498065 0.807500 0.498065 0.830806 0.472766 0.830806
0 0.556026 0.310694 0.570325 0.310694 0.570325 0.325736 0.556026 0.325736
0 0.555558 0.326722 0.570325 0.326722 0.570325 0.341764 0.555558 0.341764
0 0.556026 0.340528 0.571013 0.340528 0.571013 0.357792 0.556026 0.357792
0 0.555792 0.359514 0.569857 0.359514 0.569857 0.373819 0.555792 0.373819
0 0.555338 0.372347 0.569857 0.372347 0.569857 0.391083 0.555338 0.391083
0 0.552571 0.400458 0.569169 0.400458 0.569169 0.410069 0.552571 0.410069
0 0.534584 0.339792 0.548416 0.339792 0.548416 0.361250 0.534584 0.361250
0 0.534117 0.362722 0.547948 0.362722 0.547948 0.378514 0.534117 0.378514
0 0.534117 0.380236 0.547260 0.380236 0.547260 0.395028 0.534117 0.395028
0 0.533662 0.393306 0.547727 0.393306 0.547727 0.408597 0.533662 0.408597
0 0.538987 0.445569 0.559221 0.445569 0.559221 0.469458 0.538987 0.469458
0 0.538987 0.467958 0.559610 0.467958 0.559610 0.492972 0.538987 0.492972
0 0.539338 0.491097 0.560273 0.491097 0.560273 0.517597 0.539338 0.517597
0 0.539688 0.515361 0.559221 0.515361 0.559221 0.549694 0.539688 0.549694
0 0.538286 0.552681 0.559221 0.552681 0.559221 0.583278 0.538286 0.583278
0 0.538143 0.595042 0.552597 0.595042 0.552597 0.614167 0.538143 0.614167
0 0.538143 0.614986 0.554506 0.614986 0.554506 0.627597 0.538143 0.627597
0 0.538519 0.639806 0.557169 0.639806 0.557169 0.672750 0.538519 0.672750
0 0.538182 0.669097 0.557922 0.669097 0.557922 0.681667 0.538182 0.681667
0 0.538519 0.680486 0.557545 0.680486 0.557545 0.705306 0.538519 0.705306
0 0.538182 0.704486 0.557545 0.704486 0.557545 0.733750 0.538182 0.733750
