0 0.180716 0.349616 0.191678 0.353851 0.184706 0.391363 0.173744 0.387128
0 0.894390 0.491006 0.901835 0.497203 0.889215 0.528717 0.881771 0.522519
0 0.884753 0.485228 0.892086 0.491332 0.879421 0.522960 0.872088 0.516856
0 0.876241 0.480747 0.883630 0.486898 0.870621 0.519385 0.863232 0.513234
0 0.869531 0.476612 0.875657 0.481711 0.861781 0.516364 0.855655 0.511265
0 0.859163 0.474493 0.866465 0.480571 0.853561 0.512795 0.846260 0.506717
0 0.843270 0.470303 0.852424 0.473839 0.845932 0.508771 0.836778 0.505235
0 0.836947 0.467490 0.842707 0.469715 0.835971 0.505963 0.830210 0.503737
0 0.832747 0.465487 0.838436 0.470222 0.826262 0.500625 0.820573 0.495889
0 0.927362 0.470103 0.940912 0.475337 0.934831 0.508059 0.921281 0.502824
0 0.910181 0.458428 0.927186 0.464998 0.920984 0.498371 0.903979 0.491801
0 0.900287 0.446727 0.913863 0.451972 0.906502 0.491580 0.892926 0.486335
0 0.882113 0.442902 0.898206 0.449119 0.891740 0.483910 0.875647 0.477693
0 0.875877 0.436235 0.886174 0.444807 0.873206 0.477191 0.862909 0.468619
0 0.865694 0.426962 0.873324 0.429909 0.865416 0.472456 0.857787 0.469509
0 0.839203 0.424457 0.863342 0.433783 0.856724 0.469392 0.832585 0.460066
0 0.825904 0.410455 0.840552 0.416114 0.832564 0.459095 0.817916 0.453436
0 0.537037 0.290106 0.549881 0.290106 0.549881 0.329524 0.537037 0.329524
0 0.523367 0.288386 0.536578 0.288386 0.536578 0.327672 0.523367 0.327672
0 0.516945 0.289577 0.523183 0.289577 0.523183 0.329524 0.516945 0.329524
0 0.502661 0.292090 0.516211 0.292090 0.516211 0.333360 0.502661 0.333360
0 0.481532 0.295661 0.501716 0.295661 0.501716 0.335344 0.481532 0.335344
0 0.488752 0.353929 0.562385 0.353929 0.562385 0.549167 0.488752 0.549167
0 0.258276 0.354044 0.272995 0.359730 0.265935 0.397716 0.251216 0.392029
0 0.243034 0.351082 0.257859 0.356809 0.250572 0.396021 0.235746 0.390294
0 0.228903 0.347990 0.243277 0.353543 0.235757 0.394007 0.221383 0.388454
0 0.212940 0.345660 0.227783 0.351394 0.220170 0.392356 0.205327 0.386622
0 0.202284 0.347757 0.212209 0.351591 0.205330 0.388606 0.195405 0.384771
0 0.192977 0.350763 0.200509 0.353673 0.193721 0.390202 0.186188 0.387292
0 0.904374 0.497594 0.913328 0.505048 0.901012 0.535805 0.892057 0.528352
0 0.179844 0.422407 0.240367 0.422407 0.240367 0.609735 0.179844 0.609735
0 0.122899 0.510767 0.127606 0.510767 0.127606 0.520886 0.122899 0.520886
0 0.129860 0.512064 0.134034 0.513676 0.131947 0.524907 0.127773 0.523295
0 0.135752 0.514991 0.140298 0.516747 0.138386 0.527033 0.133840 0.525276
0 0.142206 0.516377 0.145148 0.517513 0.143189 0.528054 0.140247 0.526918
0 0.146326 0.517975 0.151413 0.519940 0.149435 0.530583 0.144348 0.528618
0 0.168736 0.351028 0.180372 0.355524 0.173310 0.393522 0.161674 0.389027
