0 0.409221 0.285230 0.458447 0.298420 0.442278 0.358763 0.393052 0.345573
0 0.516402 0.628831 0.530631 0.632644 0.525712 0.651001 0.511483 0.647188
0 0.495181 0.625148 0.507239 0.628378 0.502716 0.645255 0.490659 0.642024
0 0.476976 0.621355 0.493194 0.625701 0.488538 0.643074 0.472321 0.638729
0 0.462506 0.618141 0.475968 0.621748 0.471029 0.640181 0.457567 0.636574
0 0.447547 0.616012 0.462025 0.619892 0.457621 0.636325 0.443143 0.632446
0 0.424826 0.610422 0.439045 0.614232 0.434279 0.632016 0.420061 0.628206
0 0.411390 0.608004 0.424182 0.611432 0.419460 0.629054 0.406668 0.625626
0 0.395645 0.604877 0.409994 0.608722 0.405428 0.625760 0.391080 0.621916
0 0.381001 0.601456 0.393848 0.604899 0.389077 0.622705 0.376230 0.619262
0 0.367870 0.599261 0.379452 0.602365 0.374412 0.621175 0.362830 0.618072
0 0.353629 0.595231 0.366756 0.598748 0.361684 0.617678 0.348557 0.614160
0 0.631963 0.653151 0.645436 0.656761 0.641001 0.673314 0.627528 0.669704
0 0.627804 0.652390 0.631769 0.653453 0.627487 0.669433 0.623522 0.668370
0 0.613370 0.648858 0.627027 0.652517 0.622357 0.669945 0.608700 0.666286
0 0.597857 0.645387 0.612390 0.649281 0.607523 0.667443 0.592991 0.663549
0 0.583616 0.641825 0.598148 0.645719 0.593018 0.664864 0.578485 0.660970
0 0.560412 0.638398 0.573983 0.642034 0.569342 0.659354 0.555771 0.655718
0 0.547069 0.635749 0.558986 0.638942 0.554285 0.656488 0.542367 0.653295
0 0.531632 0.632484 0.546034 0.636343 0.541176 0.654473 0.526774 0.650614
0 0.758092 0.481750 0.856857 0.508214 0.811248 0.678429 0.712483 0.651965
0 0.654115 0.458172 0.754176 0.484983 0.708804 0.654312 0.608744 0.627500
0 0.544645 0.431187 0.645992 0.458343 0.598241 0.636553 0.496894 0.609397
0 0.431222 0.405441 0.535864 0.433479 0.488162 0.611506 0.383520 0.583467
0 0.325444 0.380992 0.427752 0.408405 0.380675 0.584098 0.278367 0.556684
0 0.209574 0.356241 0.315566 0.384642 0.266892 0.566298 0.160899 0.537898
0 0.569289 0.404823 0.582806 0.408445 0.578373 0.424987 0.564857 0.421365
0 0.554766 0.401156 0.567980 0.404697 0.563455 0.421584 0.550241 0.418044
0 0.538797 0.396670 0.553675 0.400656 0.548664 0.419359 0.533786 0.415373
0 0.514620 0.391691 0.528212 0.395333 0.523456 0.413085 0.509864 0.409443
0 0.493521 0.387316 0.513056 0.392550 0.508470 0.409664 0.488935 0.404430
0 0.636544 0.339374 0.684452 0.339374 0.684452 0.407640 0.636544 0.407640
0 0.584901 0.325384 0.635305 0.338890 0.619495 0.397893 0.569091 0.384388
0 0.527449 0.311667 0.580423 0.325862 0.563681 0.388344 0.510706 0.374150
0 0.464408 0.299965 0.517706 0.314246 0.502203 0.372105 0.448904 0.357823
