0 0.457042 0.762655 0.492077 0.762655 0.492077 0.844689 0.457042 0.844689
0 0.509120 0.759605 0.550775 0.759605 0.550775 0.843164 0.509120 0.843164
0 0.571585 0.761130 0.614190 0.761130 0.614190 0.844689 0.571585 0.844689
0 0.634049 0.759605 0.672887 0.759605 0.672887 0.843164 0.634049 0.843164
0 0.687077 0.758079 0.723028 0.758079 0.723028 0.843164 0.687077 0.843164
0 0.436232 0.472542 0.577254 0.472542 0.577254 0.711017 0.436232 0.711017
0 0.196725 0.469492 0.321690 0.469492 0.321690 0.704915 0.196725 0.704915
0 0.311268 0.568249 0.359542 0.568249 0.359542 0.691243 0.311268 0.691243
0 0.360493 0.574294 0.391725 0.574294 0.391725 0.688249 0.360493 0.688249
0 0.566866 0.501412 0.600915 0.501412 0.600915 0.695819 0.566866 0.695819
0 0.596197 0.583446 0.652042 0.583446 0.652042 0.686723 0.596197 0.686723
0 0.654894 0.571299 0.703169 0.571299 0.703169 0.683672 0.654894 0.683672
0 0.706937 0.586441 0.753345 0.586441 0.753345 0.689774 0.706937 0.689774
0 0.747641 0.566723 0.809190 0.566723 0.809190 0.765706 0.747641 0.765706
0 0.306549 0.762655 0.342500 0.762655 0.342500 0.846215 0.306549 0.846215
0 0.356690 0.762655 0.377535 0.762655 0.377535 0.841638 0.356690 0.841638
0 0.381303 0.571299 0.428662 0.571299 0.428662 0.715593 0.381303 0.715593
0 0.393627 0.761130 0.442852 0.761130 0.442852 0.844689 0.393627 0.844689
