0 0.491524 0.404304 0.508229 0.404304 0.508229 0.444478 0.491524 0.444478
0 0.379418 0.484783 0.384347 0.489790 0.368746 0.537333 0.363816 0.532326
0 0.386969 0.486961 0.392825 0.492910 0.378097 0.537793 0.372240 0.531844
0 0.353345 0.480468 0.373045 0.489756 0.362816 0.556923 0.343116 0.547635
0 0.402038 0.473951 0.422534 0.483613 0.413531 0.542731 0.393035 0.533068
0 0.418954 0.497349 0.431509 0.503268 0.425840 0.540491 0.413285 0.534572
0 0.343394 0.404304 0.364555 0.404304 0.364555 0.455261 0.343394 0.455261
0 0.440287 0.496723 0.453177 0.502799 0.447983 0.536901 0.435094 0.530824
0 0.453703 0.495562 0.465646 0.501192 0.460391 0.535699 0.448448 0.530069
0 0.464662 0.494913 0.489498 0.494913 0.489498 0.531449 0.464662 0.531449
0 0.489498 0.494913 0.510231 0.494913 0.510231 0.529565 0.489498 0.529565
0 0.365675 0.416072 0.381301 0.416072 0.381301 0.455261 0.365675 0.455261
0 0.435489 0.480092 0.441672 0.483007 0.433547 0.536357 0.427365 0.533442
0 0.453097 0.353362 0.471993 0.353362 0.471993 0.402348 0.453097 0.402348
0 0.438064 0.354348 0.453130 0.354348 0.453130 0.392609 0.438064 0.392609
0 0.430272 0.341609 0.437504 0.341609 0.437504 0.395493 0.430272 0.395493
0 0.413007 0.342580 0.430272 0.342580 0.430272 0.395493 0.413007 0.395493
0 0.385165 0.357290 0.413007 0.357290 0.413007 0.396522 0.385165 0.396522
0 0.369572 0.359246 0.385165 0.359246 0.385165 0.397449 0.369572 0.397449
0 0.342282 0.348464 0.369028 0.348464 0.369028 0.398435 0.342282 0.398435
0 0.382381 0.403333 0.389044 0.403333 0.389044 0.453304 0.382381 0.453304
0 0.391285 0.400391 0.400741 0.400391 0.400741 0.452319 0.391285 0.452319
0 0.410222 0.401377 0.430272 0.401377 0.430272 0.450362 0.410222 0.450362
0 0.430824 0.411174 0.445881 0.411174 0.445881 0.448406 0.430824 0.448406
0 0.446977 0.409203 0.464234 0.409203 0.464234 0.448406 0.446977 0.448406
0 0.464794 0.407246 0.477043 0.407246 0.477043 0.448406 0.464794 0.448406
0 0.477043 0.406275 0.490964 0.406275 0.490964 0.445464 0.477043 0.445464
